  1.7630,  1.8485
  7.0610,  7.2409
  5.5500,  5.6469
  2.5500,  2.5119
  2.1370,  2.2356
  0.4110,  0.4551
  3.5610,  3.5923
  1.9450,  2.0783
  3.0990,  3.0731
  5.3190,  5.4230
  2.1370,  2.1419
  0.4550,  0.4925
  2.6320,  2.6458
  1.2940,  1.3016
  0.5980,  0.6466
  0.6620,  0.6860
  1.4450,  1.4037
  8.0860,  8.3540
  2.5840,  2.6547
  3.6780,  3.5634
  1.7740,  1.8304
 19.9720, 18.2417
  0.7180,  0.7433
  1.3640,  1.3581
  4.4860,  4.7682
 12.3540, 11.9967
  2.3110,  2.3466
  3.3670,  3.4083
  1.5590,  1.5524
  0.5250,  0.6132
  1.0820,  1.0807
  2.6400,  2.7161
  2.7550,  2.8317
  2.8400,  2.8079
  0.6360,  0.6541
  1.7080,  1.7567
  0.7250,  0.7296
  3.6220,  3.6101
  0.9000,  1.0685
  1.7070,  1.7237
  0.9650,  1.0231
  4.7610,  4.7638
  7.5940,  7.3921
  1.3160,  1.3747
  1.3660,  1.2428
  5.6730,  5.2962
  9.0060,  8.6754
  1.2700,  1.2852
  2.0290,  1.8899
  1.0560,  1.1538
 19.0360, 18.1370
  2.4570,  2.5045
  3.1700,  3.2855
  0.8350,  0.8764
  1.1860,  1.2876
  1.0810,  1.1135
  1.1160,  1.1190
  3.0350,  3.2708
 16.1550, 16.1692
  4.2160,  4.4483
  0.6280,  0.6744
  3.8840,  3.9545
  4.2320,  4.1414
  4.4750,  4.4362
  2.9810,  3.0597
  1.3280,  1.3614
  2.5400,  2.5280
  0.4230,  0.5101
  0.4350,  0.4666
  0.7150,  0.7611
  4.6270,  4.5524
  3.4300,  3.3267
  3.6370,  3.6679
  1.1220,  1.2179
  0.4700,  0.5072
  1.2260,  1.1982
  1.7810,  1.7921
  3.0190,  2.9936
  3.1180,  3.1859
  1.0360,  1.0284
  1.1440,  1.1118
  0.7510,  0.7432
  1.5560,  1.5043
  0.7380,  0.7462
  0.8710,  0.8687
  1.5550,  1.6210
  6.7690,  6.5934
  2.2830,  2.3389
  3.1830,  2.9881
  0.4380,  0.4652
  3.2000,  3.2328
  9.9590,  9.9262
  0.7810,  0.7786
  1.1040,  1.0770
  3.2610,  3.3649
  0.7220,  0.7409
  1.3930,  1.4032
  1.7040,  1.6160
  0.8780,  0.9005
  3.0310,  3.1004
  2.7000,  2.7641
  0.8220,  0.8089
  0.5550,  0.6066
  1.4090,  1.4117
  2.4940,  2.4359
  1.3660,  1.3929
  2.9930,  2.9616
  1.1710,  1.2380
  2.2560,  2.2972
  0.7700,  0.7951
  1.8790,  1.9568
  1.1110,  1.0888
  0.8480,  0.8795
  5.3810,  5.3952
  0.8900,  0.9212
  3.0740,  3.0359
  7.1420,  7.2583
  3.7110,  3.7803
  0.7090,  0.7003
 14.6790, 13.7344
  3.8970,  3.8336
  5.5660,  5.8213
  0.9230,  0.9300
 17.1660, 17.6391
  1.5000,  1.4638
  6.9330,  6.8648
  1.4710,  1.5415
  1.4540,  1.4384
  0.8510,  0.7810
  1.3640,  1.3453
  0.8250,  0.8285
  1.7330,  1.6604
  1.3910,  1.3763
  0.5270,  0.5342
  1.6200,  1.6659
  1.2520,  1.2076
  4.1230,  4.5774
  1.4110,  1.4295
  1.3530,  1.3418
 11.6560, 11.7301
  2.7040,  2.5560
  6.0040,  6.0521
  0.9330,  0.9495
  1.2800,  1.3175
 10.1340, 10.2732
  3.3840,  3.3697
  3.9140,  3.9277
  1.1570,  1.1296
  0.7510,  0.7793
  3.4210,  3.4876
  4.3290,  4.1550
  2.6550,  2.8128
  1.6440,  1.6389
  7.8940,  8.1544
  7.1630,  6.9335
  0.6510,  0.7424
  0.6680,  0.6938
  4.4420,  4.5823
  2.2400,  2.2574
  2.7470,  2.6738
  2.2370,  2.2919
  1.1790,  1.2319
  1.6080,  1.6195
  1.7900,  1.7306
  2.1260,  2.1068
  1.3640,  1.5337
  1.0500,  0.9866
  0.8680,  0.9145
  0.8980,  0.9231
  2.2540,  2.3697
  0.9130,  0.9273
  2.4950,  2.3671
  5.4470,  5.5388
  1.9460,  2.0172
  1.4920,  1.5381
  3.3390,  3.4109
  0.6040,  0.6414
  0.9720,  0.9971
  0.9490,  1.0167
  7.3310,  7.0972
  4.4010,  4.4233
  1.3710,  1.3049
  6.0770,  5.9333
  2.1650,  2.2609
  0.6960,  0.7390
  1.0840,  1.0943
  1.3050,  1.3481
  1.9710,  1.9878
  3.4730,  3.4014
  3.1740,  3.1297
  0.8320,  0.8411
  3.6870,  3.6913
  1.8100,  1.9179
  1.3190,  1.3471
  1.3660,  1.3572
  1.6880,  1.7427
  6.1670,  6.0911
  4.8560,  4.7696
  2.0330,  2.0566
  1.2750,  1.2387
  2.0010,  2.1050
  8.6730,  8.0447
  0.7820,  0.8030
  1.4320,  1.4421
  6.0010,  5.7087
  0.5790,  0.6005
  1.9000,  1.8839
  1.4900,  1.5128
  1.2440,  1.2102
  4.0510,  3.8686
  5.8670,  5.8527
  1.4960,  1.4290
  1.0400,  0.9990
  7.8910,  8.2952
  0.7260,  0.7253
  0.8830,  0.9539
  2.4050,  2.5080
  0.9640,  0.9787
  4.6880,  4.6731
  1.9480,  1.9050
  2.6820,  2.6143
  1.4160,  1.4493
 14.6730, 14.7253
  3.0510,  3.0812
  2.2110,  2.1431
 13.1080, 13.1979
  1.0850,  1.1574
  2.6960,  2.6298
  0.7060,  0.7439
  2.4060,  2.4636
  1.1710,  1.1980
  1.5450,  1.5273
  0.9380,  0.9662
  0.9200,  0.9564
  1.3580,  1.3459
  2.2530,  2.1829
  0.9740,  0.9219
  0.5960,  0.6102
  1.1660,  1.2350
  1.7000,  1.7206
 13.7130, 13.5138
  0.7390,  0.7626
  1.9160,  1.9381
  2.5550,  2.4668
  1.1870,  1.0939
  1.5070,  1.5196
  3.5520,  3.5397
  0.8990,  0.9275
  9.4810,  9.1349
  1.2140,  1.2277
  4.4780,  4.0658
  0.5060,  0.5595
  5.6610,  5.7516
  1.2130,  1.2062
  1.2630,  1.2695
  2.6050,  2.9173
  0.6070,  0.6440
 10.5640, 10.9898
  2.7110,  2.6165
  1.4470,  1.5041
  1.7210,  1.1150
  1.7750,  1.7005
  1.8950,  1.9142
  8.7950,  9.0178
  0.9010,  0.9055
  0.7960,  0.7270
  1.1190,  1.0990
  0.7770,  0.7973
  4.1540,  4.0258
  2.0690,  2.0126
  0.4820,  0.5382
  0.9890,  1.0554
 18.8180, 18.6916
 11.9040, 12.1908
  2.8540,  2.8280
  1.7980,  1.9163
 15.6200, 15.4586
  0.6870,  0.7013
  0.8600,  0.8863
  2.9070,  2.9297
  1.0140,  0.9821
  1.8680,  1.7502
  9.5520,  8.9058
  1.2130,  1.2419
  0.7940,  0.8091
  2.2310,  2.1093
  1.0630,  1.0868
  1.0860,  0.9279
  1.9940,  2.1120
  1.2050,  1.1342
  1.8100,  1.8897
  0.7620,  0.7832
  2.1880,  2.3031
  0.7780,  0.7732
  3.3300,  3.2647
  1.1790,  1.1829
  3.2550,  3.4138
  2.5290,  2.4837
  3.0720,  3.2980
  3.0910,  3.1034
  6.1280,  5.9541
  0.9090,  0.8999
  0.7550,  0.7725
  4.8760,  5.0198
  6.0870,  5.4495
  2.7380,  2.8409
  1.0160,  1.0405
  0.7670,  0.8250
  5.5540,  5.4649
  8.3620,  8.4166
  2.8620,  3.0230
  1.0680,  1.1061
  1.8950,  1.9214
  0.6010,  0.6742
  3.0780,  3.0549
  2.3460,  2.4166
  1.9440,  2.1383
  0.8280,  0.8150
  1.2710,  1.2482
  2.0140,  1.9468
  5.3510,  5.4679
  0.8710,  0.8883
  0.8410,  0.9097
  0.9460,  0.9397
  3.3970,  3.2997
  1.6900,  1.6653
  2.2690,  2.3056
  1.0040,  1.0149
  2.5800,  2.5104
  0.5820,  0.6378
  3.3140,  3.3218
  4.2290,  4.1880
  2.8830,  2.8375
  2.7180,  2.7297
  0.9830,  0.9887
  9.2180,  8.9912
  1.1690,  1.1972
  0.7500,  0.8010
  1.5370,  1.5336
  7.2160,  7.0599
  1.3040,  1.3618
  3.6950,  3.6302
  1.3660,  1.4257
  1.1300,  1.1483
 12.6260, 14.5689
  7.1040,  7.0999
  1.2570,  1.2587
  3.2900,  3.2262
  0.5120,  0.5858
  3.4710,  3.6443
  2.5570,  2.5736
  5.1660,  5.3033
  0.9600,  0.9281
 15.1820, 14.8926
  2.1560,  2.1544
  2.0930,  2.0760
  3.4750,  3.4457
  0.7520,  0.7833
  0.8740,  0.8325
  0.8010,  0.8119
  0.7600,  0.7236
  6.2340,  6.3134
  7.2260,  7.1453
  1.9060,  1.8692
  2.8970,  2.6420
  1.5220,  1.6414
  1.3050,  1.3613
  0.9980,  0.9927
  2.0330,  2.1503
  1.2280,  1.1680
  1.5700,  1.6091
 10.9580, 11.5472
  1.0890,  1.1264
  8.5820,  8.4675
  2.4860,  2.3999
  1.1850,  1.1950
  2.9110,  3.1021
  0.9550,  0.8242
  0.6440,  0.6930
  1.5920,  1.6633
  5.5820,  5.4548
  4.4050,  4.4591
  1.3170,  1.2868
  1.1260,  1.1370
  2.4330,  2.6373
  1.5790,  1.5777
  5.6300,  5.9187
  0.9350,  0.9469
  2.8810,  2.9214
  6.9020,  6.5957
  0.9540,  0.9882
  9.6100,  9.7684
  1.0040,  0.9299
  2.4880,  2.5376
  0.6110,  0.6468
  5.7910,  5.9770
  0.7630,  0.7964
  1.0890,  1.1326
  1.3160,  1.3328
  0.9780,  0.9596
  1.7210,  1.7236
  2.2430,  2.2164
  3.8740,  3.9235
  1.0600,  1.0381
  9.0020,  8.8384
  4.4700,  4.4044
  1.2630,  1.2569
  2.2190,  2.1687
  1.9000,  1.8563
  1.6180,  1.6725
  1.4740,  1.4696
  0.9110,  0.9918
  0.9950,  1.0399
  0.8400,  0.9115
 19.5470, 19.1079
  1.8120,  1.8361
  1.5010,  1.4973
  7.2880,  7.5860
  5.4090,  6.0126
  1.7940,  1.8088
  2.4450,  2.4175
  1.7150,  1.6225
  4.0340,  3.8698
  1.0650,  1.1126
  1.1910,  1.0703
  2.1640,  2.1708
  1.0380,  1.1000
  2.8370,  2.7788
  5.5750,  5.7494
  1.2680,  1.2916
  0.7690,  0.7749
  3.2740,  3.1913
  6.3820,  6.2814
  1.9290,  1.9502
  4.5020,  4.5023
  0.6940,  0.7163
  1.5280,  1.4756
  2.5650,  2.5435
  2.5010,  2.5265
  5.6760,  5.5781
  4.8650,  5.1690
  1.4420,  1.3642
  3.4560,  3.4652
  1.6940,  1.7464
  1.0740,  1.0296
  1.1000,  1.1370
  7.4340,  7.4671
  3.0800,  3.0818
  5.6340,  5.6793
  1.2960,  1.3854
  2.6610,  2.7154
  0.6790,  0.6428
  2.0650,  2.1077
  1.8140,  1.7456
 15.5930, 16.2508
  3.4110,  3.5624
 10.1900,  9.9989
  1.1080,  1.0898
  1.5090,  1.4930
  3.6900,  3.5056
  1.4470,  1.3814
  1.0000,  0.9696
  0.4450,  0.5554
  8.3520,  8.0254
  1.0520,  1.0810
  2.0770,  2.1263
  1.6200,  1.6227
  3.4040,  3.3496
  0.7810,  0.8066
  1.2800,  1.2913
  2.0620,  2.1230
  4.6960,  4.7901
  4.8340,  4.7091
  1.1110,  1.0896
  5.6990,  5.6820
  2.4700,  2.4562
  1.6950,  1.6772
  1.0340,  1.1101
  1.7200,  1.7478
  0.7530,  0.7360
 10.0470,  9.5817
  0.8960,  0.9128
  1.4430,  1.4090
  0.9460,  0.8050
  2.2150,  2.1892
  2.4580,  2.5538
  3.7620,  4.1015
  2.6860,  3.0101
  1.0770,  1.1129
  2.4490,  2.5159
  0.7690,  0.8473
  1.1080,  1.1388
  0.8520,  0.8856
  1.3780,  1.2839
  4.8760,  4.8778
 10.3010,  9.6932
  7.1700,  7.4507
  0.6540,  0.6728
  2.0980,  2.0818
  7.8070,  8.0917
  1.1870,  1.2383
  0.8890,  0.8811
  0.6930,  0.7012
  2.0600,  1.8091
  0.9460,  1.0129
  3.8400,  3.9685
  4.1210,  4.3279
  2.5840,  2.5495
  0.8750,  0.9143
  1.0960,  1.1636
  1.2280,  1.2259
  0.9140,  0.8612
  0.6580,  0.7231
  1.7000,  1.7825
  1.9670,  2.0347
  1.2040,  1.1804
 13.3370, 13.8185
  2.3290,  2.3385
 16.5290, 16.2062
  1.0570,  1.0430
  3.3440,  3.2930
  1.0010,  1.0331
  1.0750,  1.1221
  2.0110,  2.1054
  1.4610,  1.4673
  3.8860,  3.8945
  1.3870,  1.3609
  0.6460,  0.7018
  2.3920,  2.4268
  4.2380,  4.4634
  3.2930,  3.2137
  0.6100,  0.6460
  0.5000,  0.5553
  1.7230,  1.7234
 14.2570, 14.1513
  8.9520,  9.0190
  4.0550,  3.9933
  1.4090,  1.3442
  1.0650,  1.1063
  0.9770,  0.9126
  1.5640,  1.5892
  0.9900,  0.9516
  1.1400,  1.1060
  4.3110,  4.3568
 18.7460, 17.6357
  3.4010,  3.2610
  1.0460,  1.0496
  1.5060,  1.5779
  1.6160,  1.6183
  5.2950,  5.4289
  2.9870,  2.9491
  5.2450,  5.3525
  0.7970,  0.8100
  6.1120,  6.1965
  4.4370,  4.2501
  2.4580,  2.3081
 18.2960, 19.0078
  1.3590,  1.3873
  2.0200,  2.0278
  0.5520,  0.6261
  1.5080,  1.5387
  2.7660,  2.7020
  1.0370,  1.0665
  2.0680,  2.1555
  1.5540,  1.5523
  3.9530,  4.0315
  2.2020,  2.2100
  0.9540,  0.9810
  0.7500,  0.7479
  2.3720,  2.3239
  3.3130,  3.2692
  0.9760,  0.9527
  2.6150,  2.6232
  0.6890,  0.7678
  8.3420,  8.1265
  1.0740,  1.1285
  1.1070,  1.1367
  7.1000,  7.1083
 17.8840, 17.3486
  0.7120,  0.7366
  2.3940,  2.5041
  1.3210,  1.3795
  0.8030,  0.7736
  1.3110,  1.3778
  1.3640,  1.3409
  4.2350,  4.3418
  0.9160,  0.9391
  1.0860,  0.8974
  2.0100,  2.0934
  2.7560,  2.9485
  4.8480,  5.1529
 13.3100, 12.9992
  3.0000,  2.9069
  0.6940,  0.7874
  2.6840,  2.7552
  1.0580,  1.0906
  1.5950,  1.6313
  6.0350,  6.0399
  1.6190,  1.6522
  4.1630,  3.9903
  4.9160,  4.9050
  1.6370,  1.6279
  1.7300,  1.8512
  4.3270,  4.3162
  1.0110,  1.0582
  2.8100,  2.7690
  0.6660,  0.6587
  1.5870,  1.5057
  1.7020,  1.8465
  1.0230,  1.1112
  1.8650,  1.9523
  2.7960,  2.8799
  1.7160,  1.6453
  0.9920,  1.0203
  5.6130,  5.5889
  0.7360,  0.7536
  3.6220,  3.5965
  0.4690,  0.5506
  1.5410,  1.5778
  2.7730,  2.7271
  1.7150,  1.6829
  1.7550,  1.8347
 10.9670, 11.0975
  8.8480,  8.8592
  3.9030,  3.9669
  1.0300,  1.0235
  1.6800,  1.6827
  5.6300,  5.7367
  1.4880,  1.5007
  3.6710,  3.5711
  1.1650,  1.1021
 13.0210, 12.7887
  0.4530,  0.5016
  2.9100,  3.1802
  1.4530,  1.5001
  1.1600,  1.1617
  4.6300,  4.8433
  1.1740,  1.1803
  1.1890,  1.1937
  1.2770,  1.2943
  1.6430,  1.5011
  7.4050,  7.6458
  1.0110,  1.0398
  0.8720,  0.8950
  0.7040,  0.7441
  5.4620,  5.5488
  4.8420,  4.6866
  2.2720,  2.2042
  1.0790,  1.1544
  1.7090,  1.6356
  1.1190,  1.1752
  0.7480,  0.7991
  4.1870,  4.2446
  0.9490,  1.0142
  1.1370,  1.1265
  0.4720,  0.5021
  2.4480,  2.5159
  0.5610,  0.6414
  0.8230,  0.8006
  1.5950,  1.6568
  1.5020,  1.5633
 19.2860, 19.2227
  3.0970,  3.0974
  0.9810,  1.0300
  3.8480,  3.7158
  1.4500,  1.4023
  5.9300,  5.9877
  3.7470,  3.8269
  2.5880,  2.6146
  8.9740,  8.0712
  1.1830,  1.1288
  2.1620,  2.1576
 10.2660, 10.4522
  9.8890,  9.7549
  2.9050,  2.9111
  5.3910,  5.4538
  6.7330,  6.8233
  0.6400,  0.6842
  0.8710,  0.9242
  1.7950,  1.7831
  1.2640,  1.3234
  0.9450,  0.9676
  0.7830,  0.7207
  1.3220,  1.2833
  6.4480,  6.2758
  2.2540,  2.2527
  3.5920,  3.5410
  1.5180,  1.4828
  0.7230,  0.7359
  1.7040,  1.7268
  9.8890,  9.7779
  1.3150,  1.3813
  1.0560,  1.1154
  3.1560,  2.9939
  0.8350,  0.9051
  3.7460,  3.7558
  1.7900,  1.7872
 11.8220, 11.8125
  6.1880,  6.2137
  1.8140,  1.8446
  1.2020,  1.1991
  1.3600,  1.2884
  1.4990,  1.5480
  1.0640,  1.0827
  4.6530,  4.3263
  5.3880,  5.3734
  1.1560,  1.1039
  9.6900,  9.4145
  1.9670,  1.9518
  9.6450,  9.7109
  3.8590,  4.0689
  1.3940,  1.4002
  0.5900,  0.6422
  2.8230,  2.8847
  1.3390,  1.3916
  1.9350,  1.9554
  4.2980,  4.2924
  0.8380,  0.7950
  0.7240,  0.7441
  1.3090,  1.3335
  1.4610,  1.5328
 13.2990, 13.0632
  0.6830,  0.6545
  0.8020,  0.8092
 15.1980, 16.6584
  1.7950,  1.7917
  1.6490,  1.6577
  2.1020,  2.0696
  5.2170,  5.4316
  2.8900,  2.8615
  0.4760,  0.5427
  0.6730,  0.7020
  1.8610,  1.9374
  2.2040,  2.1405
  7.9680,  8.1298
  1.1640,  1.2228
  0.7670,  0.7718
  3.8800,  4.0753
  1.0230,  1.0134
  1.5320,  1.7289
  2.1200,  2.1048
 19.3750, 17.6887
  2.1590,  2.2126
  1.6170,  1.6681
  1.1650,  1.2225
  3.1950,  3.2958
  0.7770,  0.7876
  0.6450,  0.6640
  0.7690,  0.7962
  9.3440,  8.9723
  0.5980,  0.6459
  2.1910,  2.1941
  2.1190,  2.3576
  5.1860,  5.1693
  1.3300,  1.4457
  0.8310,  0.8658
  4.9090,  4.7561
  5.4430,  5.4351
  2.6370,  2.5833
  2.2870,  2.3062
  2.4420,  2.4449
  0.4170,  0.4555
  1.7650,  1.8262
  0.8350,  0.8415
  0.9840,  1.0044
  1.8570,  1.8533
  3.3380,  3.3475
  2.6020,  2.6176
  1.5080,  1.5395
  1.0530,  1.1098
  1.4730,  1.3989
  1.4710,  1.4329
  1.6850,  1.6695
  1.9120,  1.9049
  1.2820,  1.3298
  0.8780,  0.8511
  1.8180,  1.8307
  5.1850,  4.9660
 11.9430, 12.4828
  0.6030,  0.6274
  4.9010,  4.9494
  0.9170,  0.9229
  4.0460,  4.0758
  1.7260,  1.7329
  0.5900,  0.6134
  1.8040,  1.9317
  0.8650,  0.8758
  4.1660,  4.0098
  2.2600,  2.3106
  1.6200,  1.5411
  1.0580,  1.0639
  2.9940,  2.8459
  0.7410,  0.7892
  0.7340,  0.7614
  1.7810,  1.7779
  9.4420,  9.1895
  1.1080,  1.1135
  2.8250,  3.0023
  4.3260,  4.3869
  1.9410,  1.9742
  7.4790,  7.4531
  2.7680,  2.7346
  0.8920,  0.9007
  0.7300,  0.7156
  1.4460,  1.5554
  1.7340,  1.5642
  0.6560,  0.6447
  1.1340,  1.1694
  2.2540,  2.2034
  1.3190,  1.2477
  1.5710,  1.6171
  2.5420,  2.6309
  1.2710,  1.3626
  0.7830,  0.7896
  6.2670,  6.3643
  2.7210,  2.8062
  0.7140,  0.7483
  1.0560,  1.0382
  3.2710,  3.2492
  5.8130,  5.6311
  1.4210,  1.3545
  0.9020,  0.9567
  0.9360,  0.9726
  0.6250,  0.6483
  7.7040,  7.5402
  2.6280,  2.7803
  1.5760,  1.5442
  5.2910,  5.4220
  0.6840,  0.6886
  8.6100,  8.4115
  1.2700,  1.2652
  2.2230,  2.0727
  3.8980,  3.9870
  3.3510,  3.2571
  1.7970,  1.8192
  1.3320,  1.3532
  0.5790,  0.6342
  0.6530,  0.5967
  6.4420,  6.4001
  1.2960,  1.3147
  1.6490,  1.6305
  5.5830,  5.6485
  2.8700,  2.8468
  0.7950,  0.8189
  3.7080,  3.6641
  0.9780,  1.0027
  0.5940,  0.7119
  0.9530,  1.0327
  2.0210,  2.0449
  2.8660,  2.8640
  1.7370,  1.7220
  0.8870,  0.9280
  1.8730,  1.8586
  3.4180,  3.3921
  0.5580,  0.6681
  8.2950,  8.5209
  1.6880,  1.6610
  3.8160,  3.8334
  1.7110,  1.5938
  1.6750,  1.7796
  1.2750,  1.2025
  0.8930,  0.9320
  1.1530,  1.1767
  1.1360,  1.1417
  1.2230,  1.2535
  1.1940,  1.2311
  0.8320,  0.7972
  1.7480,  1.8262
  2.4220,  2.4605
  6.0380,  5.9453
  0.9120,  0.9064
  3.1370,  3.1783
  2.2880,  2.2481
  1.7900,  1.8303
  0.6280,  0.6534
  2.1390,  2.1714
  1.5380,  1.4825
  0.8820,  0.9109
  0.9530,  0.9278
  1.9330,  1.9557
  0.8780,  0.9581
  4.6200,  4.6211
  0.5710,  0.5937
  1.4590,  1.4956
  0.8770,  0.8346
  6.0290,  6.0071
  1.1050,  1.1418
  1.1130,  1.1452
  5.5030,  5.7337
  1.4700,  1.4419
  4.5060,  4.3289
  0.7920,  0.7695
  0.8590,  0.8224
  1.2300,  1.1594
  0.8220,  0.8014
  1.1070,  1.1771
  2.5790,  2.5931
  3.4820,  3.1959
  0.8160,  0.8003
  2.1440,  2.1883
  1.7820,  1.7683
  2.3230,  2.3045
  3.6070,  3.6779
  3.3670,  3.4501
  1.0080,  0.9851
  0.8270,  0.8295
  1.1750,  1.2339
 10.5890, 10.8161
  1.7410,  1.7077
  0.5280,  0.5885
  1.3190,  1.2936
  0.6790,  0.7043
  1.0170,  1.0837
  7.0030,  7.1938
  2.3330,  2.3923
  6.9520,  7.0073
  3.3870,  3.3123
  2.0100,  2.0024
  8.1190,  8.5412
  6.3770,  6.3170
  2.3370,  2.2933
  2.1150,  2.1347
  3.0010,  3.1882
  1.4140,  1.4223
  7.8160,  7.9724
  5.1010,  4.8317
  2.5370,  2.5109
  1.0360,  1.0791
  2.3830,  2.3969
  3.0260,  3.0564
  0.5990,  0.6134
  3.0880,  3.0673
  1.4330,  1.4094
  2.9700,  3.1737
  1.1560,  1.1744
  1.1510,  1.1128
 10.4730, 10.3410
  1.3870,  1.4421
  4.2830,  3.9172
  1.1250,  1.1042
  4.4410,  4.4434
  7.0160,  6.8812
  1.1350,  1.1567
  0.9800,  0.9691
  1.5470,  1.5279
  1.1450,  1.1097
  0.5910,  0.6381
  2.4790,  2.5574
  1.6020,  1.6262
  1.8350,  1.8964
  1.3760,  1.3359
  1.7550,  1.8542
  2.4510,  2.3119
  1.6590,  1.6863
  7.6080,  7.9896
  0.9410,  0.9692
  3.5790,  3.6533
  1.2550,  1.2447
  1.1090,  1.1502
  0.9910,  1.0449
  2.6540,  2.8441
  1.7330,  1.7787
  0.8510,  0.9418
  1.6780,  1.7123
  3.0530,  3.0693
  9.6790,  9.6016
  3.1100,  3.2086
  2.4930,  2.3495
  7.9250,  8.1635
  1.4800,  1.4365
  5.9250,  5.6610
  1.9430,  1.9084
  4.9350,  4.8368
 10.8740, 10.3281
  2.4120,  2.1787
  5.7930,  5.4663
  3.7520,  3.8983
  0.7600,  0.8117
  1.5030,  1.4566
  1.0420,  1.0665
  1.3770,  1.4033
  3.9420,  3.8131
  0.7180,  0.7664
  6.6250,  6.1637
  0.7040,  0.7474
  1.0960,  1.0759
  2.4570,  2.5445
  0.8460,  0.8776
  0.8380,  0.8301
  3.7380,  3.8024
  1.6030,  1.6386
  1.2900,  1.3135
  2.3470,  2.3379
  1.0230,  1.0250
  1.4760,  1.5141
  2.0150,  1.9394
  1.1600,  1.2190
  1.4710,  1.4355
  1.6080,  1.6299
  4.6150,  4.7589
  6.6050,  6.6408
  3.1750,  2.9877
  0.7130,  0.7657
  7.6100,  7.7080
  0.9690,  0.9960
  4.5360,  4.5568
  1.3800,  1.4337
  1.0960,  1.1401
  4.5280,  4.5244
  0.4670,  0.5132
  2.5070,  2.4608
  2.3970,  2.3734
  1.8640,  1.8652
  5.8910,  5.8957
  1.5740,  1.5753
  1.4380,  1.3979
  1.4800,  1.4378
 18.3870, 17.3612
  1.8150,  1.9140
  0.6520,  0.6188
  5.3750,  5.4811
  1.6820,  1.7233
  2.4850,  2.4660
  1.1810,  1.1585
  2.2600,  2.1718
  5.3960,  5.7123
  0.7280,  0.7496
 10.9040, 11.4085
  1.0810,  1.0557
  1.0190,  0.8986
  3.1230,  3.0472
  0.7880,  0.8217
  3.4290,  3.3724
 18.6860, 19.3562
  2.1180,  2.2512
  5.1130,  5.2552
  1.9970,  2.0095
  0.7660,  0.7543
  1.1030,  1.0770
  4.7640,  4.5275
  3.2710,  3.2579
  0.5630,  0.5518
  2.9440,  2.9129
  9.6490, 10.2908
  0.9260,  0.8784
  0.5690,  0.5988
  2.1610,  2.1226
  0.6020,  0.6102
  1.7890,  1.7062
  1.1250,  1.2016
 10.1370, 10.0917
  0.7100,  0.7668
  2.5060,  2.5049
  0.6580,  0.6851
  1.8310,  1.8592
  2.1070,  2.1298
  4.6220,  4.9510
  2.1770,  2.2085
  6.5160,  6.6655
  5.6300,  5.4246
  1.2740,  1.2822
  8.1720,  8.5807
  0.8490,  0.8367
  0.9530,  1.0016
  1.4410,  1.4346
  2.3920,  2.3657
  1.1590,  1.1846
  0.5090,  0.5666
  1.7730,  1.7550
  2.5880,  2.4881
  1.4020,  1.3569
  1.0250,  1.0470
 17.1390, 16.5196
 17.8620, 17.5579
  0.9370,  0.9145
  1.8380,  1.9450
  4.5830,  4.5574
  0.7810,  0.7703
  2.2630,  2.2866
  2.5670,  2.4950
  2.7270,  2.6919
  0.4180,  0.5072
  1.0180,  1.0420
 17.9460, 17.2771
  4.1480,  3.9824
  5.7120,  5.9087
  1.3380,  1.3801
  1.9160,  1.9955
  6.2020,  6.1294
  2.0800,  2.1348
  2.0650,  2.0840
  0.7800,  0.7917
  2.7480,  2.8394
  2.2930,  2.3952
  0.7220,  0.7272
  1.2510,  1.2528
  1.3020,  1.2765
  2.5340,  2.7410
  1.2280,  1.1516
  0.7470,  0.8070
  3.5350,  3.4369
  2.0800,  2.0731
  1.6710,  1.6465
  0.9180,  0.9040
  1.3310,  1.3684
  2.7500,  2.7158
  1.8430,  2.0141
 16.9830, 15.8859
  4.8050,  4.5081
  1.2850,  1.2259
  2.0790,  2.0167
  1.0460,  1.0730
  2.3210,  2.3385
  2.6310,  2.6566
  1.7600,  1.7552
  1.1810,  1.2018
  2.8320,  2.8797
  1.7880,  1.7987
  2.4300,  2.4380
  0.6270,  0.6809
  5.4430,  5.3463
  1.0750,  1.0266
  1.1550,  1.2106
  1.6620,  1.6301
  2.5620,  2.4606
  1.5580,  1.4762
  1.8030,  1.9765
  0.9860,  1.0416
  1.6090,  1.6393
  0.8010,  0.7508
  4.5980,  4.7004
  1.8740,  1.8200
  0.9000,  0.9742
  7.1700,  7.3161
  8.6040,  8.5873
  1.2580,  1.2264
  2.7080,  2.8867
  2.5800,  2.5694
  0.9140,  0.9474
  5.1040,  5.3161
 18.2100, 17.0817
  3.6920,  3.7786
  6.3960,  6.3462
  1.7900,  1.7131
 13.7060, 13.8129
  0.7950,  0.8167
  7.8610,  7.7110
  1.7820,  1.8115
  0.4560,  0.5123
  0.9980,  0.9683
  1.9980,  2.0055
  2.3350,  2.3319
  2.3140,  2.3565
  1.6220,  1.6729
  0.9710,  0.9835
 14.9090, 14.5708
  2.6960,  2.7501
  1.7150,  1.8005
  8.2830,  8.5262
  2.4330,  2.3965
  0.5490,  0.6074
  0.8220,  0.8590
  1.6060,  2.1219
  1.7330,  1.7917
  4.1160,  4.1151
 11.4830, 11.3921
  6.3430,  5.9372
  1.8340,  1.7373
  1.3860,  1.3632
  1.9080,  1.8251
  2.1190,  2.0730
  0.6840,  0.7126
  0.7680,  0.7762
  1.8950,  1.9497
  1.6200,  1.7241
  0.9430,  0.9657
  4.3230,  4.3816
  2.1520,  2.1695
  1.6440,  1.5258
  4.0130,  3.8932
 13.5810, 13.1604
  2.1920,  2.2433
  2.9820,  3.0108
  8.4270,  8.6683
  3.7280,  3.6768
  0.4430,  0.5165
  1.0830,  1.1016
  1.6250,  1.6797
  2.6750,  2.7311
  0.5380,  0.5618
  1.1580,  1.1180
  1.1170,  1.1083
  3.1930,  2.8525
  1.0160,  1.0037
  1.0360,  1.0195
  1.3190,  1.3089
  0.6760,  0.6750
  2.8350,  2.8410
  1.5610,  1.6044
  0.5780,  0.6298
  1.7520,  1.7392
  0.6870,  0.7126
  2.3400,  2.2329
  1.6140,  1.5867
  1.2770,  1.2709
  1.4340,  1.4080
  1.2980,  1.3399
  4.4250,  4.5748
  4.1030,  4.0455
  0.6670,  0.6902
  0.9330,  0.8745
  0.7420,  0.6164
  4.0670,  4.0009
  0.5560,  0.5517
  2.3120,  2.2908
  1.0960,  1.1115
  3.0720,  3.0905
  0.7800,  0.8197
  1.4960,  1.5297
  2.7360,  2.7904
  3.6510,  3.7284
  1.8330,  1.9072
  0.9620,  0.9597
  1.6400,  1.5895
  2.2080,  2.3057
 10.9120, 10.9012
  1.2670,  1.2778
  2.3840,  2.5294
  0.6400,  0.6717
  0.9810,  1.0242
  1.6240,  1.6022
  0.8220,  0.8209
  2.4290,  2.4537
  9.0010,  9.0936
  7.0760,  7.3271
  1.4080,  1.5969
 14.2320, 14.3130
  1.1780,  1.1579
  1.8110,  1.7808
  2.1220,  2.2627
  1.0880,  1.0737
  1.7140,  1.8177
  2.1270,  2.0417
  0.4840,  0.5378
  4.3120,  4.3066
  0.8790,  0.8923
  2.3430,  2.3756
  0.5940,  0.6020
  2.1040,  2.1599
  0.8250,  0.7813
  1.8390,  1.8081
  2.0320,  1.7709
  0.8590,  0.8991
  1.3660,  1.3313
  1.8040,  1.8138
  0.5680,  0.5858
  4.6720,  4.7654
  0.9460,  0.9637
  3.8450,  3.9273
  1.6390,  1.7206
  0.8470,  0.8959
  0.9500,  1.0003
  1.9030,  1.8791
  1.0870,  1.0655
  3.2700,  3.2206
  1.1440,  1.1839
  2.8950,  2.9112
  0.6740,  0.6925
  1.7520,  1.7484
  2.1380,  2.1925
  0.6110,  0.6934
  4.7940,  4.5491
  2.2360,  2.2716
  2.7320,  2.7781
  1.7580,  1.6939
  3.4920,  3.5981
  0.7700,  0.7720
  6.7040,  6.4446
  0.6480,  0.6636
  2.6800,  2.6709
  0.8830,  0.8708
  2.5100,  2.3775
  0.8880,  0.9041
  2.0630,  2.2070
  1.2210,  1.2233
  7.4820,  7.2029
  0.9570,  0.9532
  3.8620,  3.9865
  0.6230,  0.6725
  1.8030,  1.7087
  1.7060,  1.6865
  0.7290,  0.7659
  2.9880,  3.2048
  3.3850,  3.3201
  1.3760,  1.3966
  2.1700,  2.1885
  1.6480,  1.5765
  0.7750,  0.8424
  2.9040,  2.9371
  3.5490,  3.6743
 16.1510, 15.6407
  2.6060,  2.4912
  0.8310,  0.8765
  0.6270,  0.6713
  4.4560,  4.6051
  0.5190,  0.5879
  0.9340,  0.8902
  1.9470,  2.0629
  8.9530,  8.7152
  0.7700,  0.7855
  3.1450,  3.1732
  5.1570,  5.0558
  4.6600,  4.6726
  1.1450,  1.1698
  1.1150,  1.1040
  3.2260,  3.4459
  1.7980,  1.8236
  1.3190,  1.3439
  1.4160,  1.4142
  0.4690,  0.5545
  0.6510,  0.5249
  0.5030,  0.5275
  6.0520,  6.1434
  1.8270,  1.8957
  7.8660,  7.8113
 10.2770, 10.4125
  1.2680,  1.4026
  2.5470,  2.4936
  2.1590,  2.0382
 14.4110, 14.0462
  3.2930,  3.2927
  1.4570,  1.4576
  0.9460,  0.9688
  0.7220,  0.7598
  2.8390,  3.0084
  0.7010,  0.8203
  1.2740,  1.2632
  0.9650,  0.9408
  1.8520,  1.8893
  0.8090,  0.8540
  0.5160,  0.5021
  2.6540,  2.6817
  5.7590,  5.7304
  0.7440,  0.7804
  7.4840,  7.3525
  2.8380,  2.9025
  1.1180,  1.1237
  1.8550,  1.9129
 10.8490, 10.4268
  1.9220,  1.8592
  1.4120,  1.3464
  0.4500,  0.5121
  1.0950,  1.1162
  1.9700,  2.0416
  2.8460,  2.7686
  1.4150,  1.4454
  1.0780,  1.0680
  2.6380,  2.5607
  1.5770,  1.5535
  1.1190,  1.1512
  0.6190,  0.6241
  6.5940,  6.4345
  0.9940,  1.0219
  4.4550,  4.4921
  1.4290,  1.5424
  2.1960,  2.0592
  1.5120,  1.5376
  2.2100,  2.0469
  1.7990,  1.7491
  1.3520,  1.3648
  1.5750,  1.6948
  1.0500,  1.0590
  5.1530,  4.8075
  2.5760,  2.6181
  1.1450,  1.0544
  1.2190,  1.2074
  2.3880,  2.2188
  1.2330,  1.2217
  1.2290,  1.0801
  1.3570,  1.3843
  3.6320,  3.6560
  1.0710,  1.0799
  6.9930,  6.9149
  0.9780,  0.9993
  1.3520,  1.3470
  1.3570,  1.3466
  3.0550,  3.0110
  0.6410,  0.6670
  1.2690,  1.3032
  6.1710,  6.4314
  2.5460,  2.5618
  3.8790,  3.6008
  1.5130,  1.5011
  1.3450,  1.2066
  1.2180,  1.1543
  0.9780,  0.9811
  0.6850,  0.7579
  1.5330,  1.6136
  2.2420,  2.1228
  1.7240,  1.6277
  1.2720,  1.3351
  1.9410,  1.9207
  1.1890,  1.2516
  4.9340,  5.0597
  5.8210,  6.0726
  0.9780,  0.9669
  1.4530,  1.3942
  1.0570,  1.0493
  4.4110,  4.4056
  1.3610,  1.3861
  0.8870,  0.8827
  2.2970,  2.0403
  3.2620,  3.2122
  1.8160,  1.5803
  3.7100,  3.7747
  1.2030,  1.2770
  7.8040,  7.7328
  4.7710,  4.8773
  7.6470,  7.6083
  0.9840,  0.9753
  2.4250,  2.5077
  5.3370,  5.2595
  1.5990,  1.5944
  0.8630,  0.8563
  1.4770,  1.5096
  0.8050,  0.8593
 10.4520,  9.7390
  0.6280,  0.5755
  8.8530,  8.6546
  3.1620,  3.1812
  3.2970,  3.1512
  2.4190,  1.9746
  1.7630,  1.7692
  0.8640,  0.9465
  0.5310,  0.5459
  0.4740,  0.5231
  7.0180,  6.7863
  1.9990,  1.9754
 14.5630, 15.3256
  2.1270,  2.2261
  5.2700,  5.0215
  1.1550,  1.2047
  3.4260,  3.4067
  0.5870,  0.5689
  1.7920,  1.8609
  3.4700,  3.6080
  3.9340,  3.9028
  1.3020,  1.3529
  2.4980,  2.5808
  0.3540,  0.4621
  4.7710,  4.6398
  1.3040,  1.4174
  0.7330,  0.7379
  1.6610,  1.6409
  0.7870,  0.8260
  9.7590,  9.6110
  2.8480,  2.7151
  3.3330,  3.1077
  4.1570,  4.1294
  1.3420,  1.3253
  4.3910,  3.6553
  1.0600,  0.9844
  3.7820,  3.6690
 15.4830, 16.0310
  2.4070,  2.4016
  0.9870,  0.9436
  1.0410,  1.0180
  0.8860,  0.9075
  2.4990,  2.4875
  1.0590,  0.9970
  2.5650,  2.6754
  0.9020,  0.8796
  2.7310,  2.7329
  1.3780,  1.4620
  8.0430,  8.0355
  0.6450,  0.6761
  0.5490,  0.5638
  2.8150,  2.8593
  2.3110,  2.3363
 14.1980, 13.0119
  2.2500,  2.1117
  5.2180,  5.3524
  1.2990,  1.3251
  4.1290,  4.1938
  1.5490,  1.5945
  0.9320,  0.9427
  2.7340,  2.8266
  5.0390,  5.0266
  0.8310,  0.8285
  1.1820,  1.1830
  1.2430,  1.2244
  5.1240,  5.1241
  2.2190,  2.1188
  1.3370,  1.2758
  0.5370,  0.5395
  2.1070,  2.1250
 10.8110, 10.6071
  1.1170,  1.1390
  0.6640,  0.7026
  2.2040,  2.2953
  0.6340,  0.6544
  1.9900,  2.0280
  2.0490,  2.0291
 13.5090, 12.3595
  5.6700,  5.6923
  1.4260,  1.3955
  1.9300,  1.9634
  1.4160,  1.4104
  0.8850,  0.9024
  4.2550,  4.2937
 17.9640,  2.8243
  2.1150,  2.2608
  4.4060,  4.4616
  0.7220,  0.7806
  1.7440,  1.7844
  3.8050,  3.5253
  4.2120,  4.2468
  2.1830,  2.2540
  2.4500,  2.4840
  0.6900,  0.7022
  9.0390,  8.9074
  0.7450,  0.7637
  1.1140,  1.1054
  3.6070,  3.6505
  2.4810,  2.3723
  0.6530,  0.7153
  1.4350,  1.4654
  5.0040,  5.0377
  0.9300,  0.9617
  2.1560,  2.3091
  3.3210,  3.2700
  3.8760,  3.7344
  1.3760,  1.4227
  4.1490,  4.1879
  5.2680,  5.0517
  2.6800,  2.7915
  0.8470,  0.9025
  4.6950,  4.7743
  1.1850,  1.2143
  7.5230,  6.2511
  0.8260,  0.8711
  0.5290,  0.5578
  0.7500,  0.7540
  6.0740,  6.3092
  5.7630,  5.7088
  1.5050,  1.5445
  0.8490,  0.8132
  9.2510,  9.0883
  1.4800,  1.4701
  1.3140,  1.3202
  2.8290,  2.8845
  3.1530,  3.0628
  1.3430,  1.3411
  1.6490,  1.7311
  2.6250,  2.6158
  0.6910,  0.7373
  1.2450,  1.2419
 10.8100, 11.6166
  1.0280,  1.0356
  1.9100,  1.9431
  1.7150,  1.7118
  0.4410,  0.5124
  1.0460,  1.0253
  3.2360,  3.2521
  3.7040,  3.7685
  3.0170,  3.0473
  2.7650,  2.6616
  1.4130,  1.4680
  6.4230,  6.4592
  0.5230,  0.5653
  0.8700,  0.9154
  9.7250,  9.2453
  0.5310,  0.5823
  2.7090,  2.6668
  1.0220,  1.1331
  1.4500,  1.5120
  4.1220,  4.2374
  1.4160,  1.3834
  1.3960,  1.3204
 12.8190, 13.4015
  0.5760,  0.6257
  2.2420,  2.2846
  6.4740,  6.1507
  0.5430,  0.5854
  6.1880,  5.9777
  0.7490,  0.7969
  6.3730,  5.9962
  1.8360,  1.7429
  8.2960,  8.0580
  1.2360,  1.3242
  1.8730,  1.9263
  7.2580,  7.5497
  1.4780,  1.5416
  3.0280,  2.9533
 18.3990, 18.2796
  1.2570,  1.2675
  2.1800,  2.1656
  1.4250,  1.4203
  1.5490,  1.5184
  2.7870,  2.8361
  0.7620,  0.8030
  1.6490,  1.7272
  1.3130,  1.3181
  0.6090,  0.6629
  1.5190,  1.5496
  0.6630,  0.7192
  2.7720,  2.7933
  3.4690,  3.2921
  2.7290,  2.5122
  1.3670,  1.4555
  2.2680,  2.2529
  1.3800,  1.3631
  1.3210,  1.3062
  1.0150,  1.0675
  4.6620,  4.7912
  0.6050,  0.6007
  3.7260,  3.7410
  1.2600,  1.2423
  2.3630,  2.4836
  0.7470,  0.8248
  5.7610,  5.6910
  0.5870,  0.5919
  1.1250,  1.1239
  3.0030,  2.9521
  1.5050,  1.5572
  1.1620,  1.2182
  3.8930,  3.5597
  0.6400,  0.7044
  3.2150,  3.3038
  1.1150,  1.1458
  2.5510,  2.5181
  2.3080,  2.2301
  1.1330,  1.0838
  2.6160,  2.6655
  1.0700,  1.0423
  2.4690,  2.4457
  0.5310,  0.6135
  0.5100,  0.5694
  0.7760,  0.8603
  0.6950,  0.7080
  0.8970,  0.8965
  1.2700,  1.2253
  4.4160,  4.2573
  0.5220,  0.5601
  1.3400,  1.2836
  1.4080,  1.4832
  4.1950,  4.1475
  0.8050,  0.7310
  0.8350,  0.8209
  2.0110,  2.0123
  8.2440,  7.7282
  1.2530,  1.2270
  1.8060,  1.7800
 12.1810, 12.8921
  3.8750,  3.8594
  4.4750,  4.3696
  1.5110,  1.5757
 11.2710, 10.6952
  0.4050,  0.4901
  1.1570,  1.1553
  1.1230,  1.1159
  1.4240,  1.4167
  1.2510,  1.2470
  1.4140,  1.4631
  1.0220,  1.0343
  4.5060,  4.4843
  3.5670,  3.5866
  0.7710,  0.8068
  3.0010,  3.1867
  1.2960,  1.2563
  6.3900,  6.4665
 10.3150,  9.7701
  2.2230,  2.1996
  1.3600,  1.3205
  3.0250,  3.1333
  2.0660,  2.0835
  0.5000,  0.5431
  1.0880,  1.0525
  3.4000,  3.3616
  1.4720,  1.3952
 18.8340, 18.6707
  1.9460,  1.9760
  1.7780,  1.8050
  5.4280,  5.2752
  0.6350,  0.6436
  3.6940,  3.6506
  2.3510,  2.4005
  4.3780,  4.4609
  6.7960,  6.2942
  1.0790,  1.0642
 11.5120, 11.8019
  1.3360,  1.2850
  4.3140,  4.0464
  0.7930,  0.8054
  4.5960,  4.7728
  4.5640,  4.9022
  0.6830,  0.6743
  0.5810,  0.6075
  6.1640,  6.2546
 10.8620, 10.8506
  1.9590,  2.0341
  1.3000,  1.2835
  1.9010,  1.9405
  0.8500,  0.8563
  5.8070,  5.8956
  1.5480,  1.4797
  0.7840,  0.8382
  1.3970,  1.4250
  1.8150,  1.9456
  1.9630,  1.9311
  1.1000,  1.0479
  2.8390,  2.8538
  1.0120,  1.0439
  2.7720,  2.7977
  4.7090,  4.5728
  2.6880,  2.7371
  4.1840,  4.2235
  0.8820,  0.8715
  0.8890,  0.8700
  2.0760,  2.1141
  1.7310,  1.7328
  0.9290,  0.9591
  0.7340,  0.7648
  2.2950,  2.4196
  1.6900,  1.7321
  1.4030,  1.4041
  1.0450,  1.0434
  2.2550,  2.2874
  2.2460,  2.3083
  3.4660,  3.5345
  6.1100,  6.1142
  1.7380,  1.6870
  2.0130,  1.9764
  1.3390,  1.3465
  0.7780,  0.8142
  0.5200,  0.5758
  6.1990,  6.1671
  0.6020,  0.6378
  3.9380,  3.9068
  2.3600,  2.2866
  0.8790,  0.8566
  1.3600,  1.3776
  0.8540,  0.8413
  1.5250,  1.5957
  2.8890,  2.7548
  2.1700,  2.1421
  2.1760,  2.2123
  1.3770,  1.4088
  0.9480,  0.9852
  1.6310,  1.8491
  8.8030,  8.7685
  2.0590,  2.0767
  0.7720,  0.8020
  0.7460,  0.8220
  1.8490,  1.8458
  2.0740,  2.1881
 11.4200, 11.1414
  1.8010,  1.8769
  0.7390,  0.7460
  3.4940,  3.3967
  3.2820,  3.1268
  1.1420,  1.1551
  1.4910,  1.4524
  3.4260,  3.3870
  1.5820,  1.5850
  1.6290,  1.6944
  1.1050,  1.1983
  1.5830,  1.6160
  0.7680,  0.7970
  5.2340,  4.9737
  2.5100,  2.5922
  2.2820,  2.3236
  1.4440,  1.5194
  5.5620,  5.6282
  1.7630,  1.7161
  1.1470,  1.1795
  1.6880,  1.6582
  1.5540,  1.5125
  1.1890,  1.2195
  0.7860,  0.8035
 19.0710, 19.3185
  2.2330,  2.3097
  6.0630,  6.2230
 15.7490, 14.8291
  1.9480,  1.9770
  1.8830,  1.8870
  4.8900,  4.7639
 15.2660, 15.6964
  2.5800,  2.5611
  0.4720,  0.5214
  3.2900,  3.3293
  1.0950,  1.1649
  4.7650,  4.7377
  0.7420,  0.7843
  2.1410,  2.1511
  2.6920,  2.5150
  2.3650,  2.4517
  0.6450,  0.6988
  3.6610,  3.7603
  2.4160,  2.4031
  0.4990,  0.5628
  1.5270,  1.5098
  1.0880,  1.1269
  1.1190,  1.1468
  6.6470,  6.4843
  1.5450,  1.5212
  4.3140,  3.9399
  3.7070,  3.5805
  0.6440,  0.6972
  0.6510,  0.6584
  4.0700,  3.8710
  2.1310,  1.9421
  6.3670,  6.3366
  2.1430,  2.1432
 18.3710, 17.4884
  1.9390,  1.8930
  2.5650,  2.6650
  4.1870,  4.6510
  0.7560,  0.7514
  0.6240,  0.6406
 17.2170, 17.7451
  1.5200,  1.5208
  1.3800,  1.4280
  1.0790,  1.0650
  0.6030,  0.5437
  0.6300,  0.6366
  1.2700,  1.2536
  0.4630,  0.5232
  1.2960,  1.2724
  6.3230,  6.1580
  0.6810,  0.6578
  6.0300,  6.1628
  3.6830,  3.8338
  5.2280,  5.2659
 10.1310, 10.0712
  1.6200,  1.6717
  2.2250,  2.1076
  1.0310,  1.0299
  3.2940,  3.5311
  0.6970,  0.6983
  0.9160,  0.9142
  0.5650,  0.6493
  7.9740,  7.8830
  0.9000,  0.8961
  2.6470,  2.7482
 11.7950, 11.6853
  8.0520,  7.9313
 14.6130, 14.4701
  7.9400,  7.8368
  2.3060,  2.3333
  1.6760,  1.7193
  3.1760,  3.0016
  2.0810,  2.0936
  6.0970,  6.1542
  1.8830,  1.9764
  1.8990,  1.9037
  1.0400,  1.0981
  0.6600,  0.7434
  1.1810,  1.2273
  2.2030,  2.2309
  1.9870,  1.9648
  9.4210,  9.6569
  0.9930,  1.0267
 10.5770, 10.9773
  2.0470,  2.0251
  4.8810,  4.7514
  2.7450,  2.7883
  6.4920,  6.2565
  4.3230,  4.2340
  1.7480,  1.7792
  1.9600,  1.9102
  1.0960,  1.1037
  1.2490,  1.3078
  1.1220,  1.1208
  5.0700,  4.8219
  1.3580,  1.3565
  2.4010,  2.4529
  0.6620,  0.7746
  1.2130,  1.2751
  0.6250,  0.6282
  1.7220,  1.6789
  0.5920,  0.6228
  1.6750,  1.6825
 10.6150, 10.6130
  8.9790,  8.8340
 19.1560, 19.6252
  3.6580,  3.6651
  1.8780,  2.0021
  0.7310,  0.7232
  0.7560,  0.6720
  0.4280,  0.4766
  1.4890,  1.5305
 10.2020, 10.0593
  0.9050,  0.8673
  1.6920,  1.7197
  1.3750,  1.3999
  0.6710,  0.6933
  1.2180,  1.2347
  2.8970,  2.8402
  0.7700,  0.7982
  3.7890,  3.9315
  3.6090,  3.7557
  9.0920,  9.5881
  4.0480,  4.1679
  0.9780,  0.9858
  0.9740,  0.9874
  2.9660,  3.1154
  1.8150,  1.8200
  1.3940,  1.3747
  0.8970,  0.9146
  1.3970,  1.4140
  1.5590,  1.4993
  0.5710,  0.6090
  0.6760,  0.6774
  0.9400,  0.9599
  3.1050,  3.0834
  0.7520,  0.7518
  2.4600,  2.5142
  1.9530,  1.9141
  1.1450,  1.2299
  3.4290,  3.5663
 12.2900, 11.6379
  1.3640,  1.4268
  1.2910,  1.3637
  1.4210,  1.4639
  1.3830,  1.3190
  0.9570,  0.9885
  1.4130,  1.4413
  5.5670,  5.8200
  2.1810,  2.2246
  1.5390,  1.4948
  0.7130,  0.7528
  3.9360,  3.9684
  2.8160,  2.9496
  2.7270,  2.8878
  2.5000,  2.5596
  1.9980,  2.0392
  0.8360,  0.8760
  1.4520,  1.4280
  2.1110,  2.1486
  4.7260,  4.5795
  2.6880,  2.6504
  3.7260,  3.7905
  1.4210,  1.3941
  1.6840,  1.6264
  0.7120,  0.7714
  0.5550,  0.6321
  4.2030,  4.5263
  0.6190,  0.6324
  2.3610,  2.3093
  1.5730,  1.5878
  1.5130,  1.8198
  1.7090,  1.6795
 10.4740, 10.8989
  1.5710,  1.5047
  5.6790,  5.5312
  3.1340,  3.1531
  1.6060,  1.5721
  0.4720,  0.4883
 17.0690, 18.3457
  1.2420,  1.2261
  7.5440,  7.3938
  1.7780,  1.8295
  1.0990,  1.1134
  0.3940,  0.4661
  2.0930,  2.0626
  1.3350,  1.3513
  1.1460,  1.1554
  1.6290,  1.5635
  0.8510,  0.8560
  1.0530,  1.0333
  1.0360,  1.0550
  3.7110,  3.3786
  3.0160,  3.1423
  1.0850,  1.1254
  3.7940,  3.7570
  9.2890,  8.7202
  9.0360,  9.4931
  3.8170,  3.8270
  0.8070,  0.8118
  2.6320,  2.6483
  0.3830,  0.4673
  8.9260,  8.6946
  1.5500,  1.6219
 10.4540, 10.0246
  1.0960,  1.0735
  1.2300,  1.1884
  1.5920,  1.7002
  1.0300,  1.0161
  3.7280,  3.6443
  2.1510,  2.1868
 14.6180, 15.5035
  1.3550,  1.2802
  5.1050,  4.9558
  0.6050,  0.6171
  1.8340,  1.8954
  5.6890,  5.7184
  0.9480,  0.9590
  1.4120,  1.3886
  3.2570,  3.1728
  0.7590,  0.7489
  1.2000,  1.1904
 14.0140, 14.0568
  2.0150,  2.0017
  3.6330,  3.6836
  0.8740,  0.8430
  2.4510,  2.4253
  3.0140,  3.1230
  2.3490,  2.3227
  2.8490,  2.9068
  4.3790,  4.5036
  1.5640,  1.5163
  0.9610,  0.9970
  1.1590,  1.1844
  2.0830,  1.9662
  1.7210,  1.7190
  2.2060,  2.2671
  1.0940,  1.1016
  7.8010,  7.6181
  1.1940,  1.2176
  0.6910,  0.7293
  2.1680,  2.1350
  3.8670,  3.9991
  0.4050,  0.5071
  1.6340,  1.6839
  0.7800,  0.7819
  1.3940,  1.4170
  0.8670,  0.8400
  1.1220,  1.1607
  1.7620,  1.8072
  3.0680,  3.0314
  1.1850,  1.2622
  5.4200,  5.3760
  3.5430,  3.7103
  3.5310,  3.6722
  1.9730,  1.9666
  6.2830,  6.3884
  3.7000,  3.5402
  4.1280,  4.0386
  0.8710,  0.8920
  0.4040,  0.5142
  0.9530,  0.9948
 14.3280, 14.5474
  0.5450,  0.5959
  7.9390,  7.5310
  3.5840,  3.8155
  0.4110,  0.4873
  1.4850,  1.6590
  1.0860,  1.0800
  4.0580,  4.0671
  1.6310,  1.6514
  0.5510,  0.5846
  2.6220,  2.6913
 17.1030, 17.5837
  3.3950,  3.3723
  1.6120,  1.6386
  0.5980,  0.6430
  0.5100,  0.5328
  2.1200,  2.0715
  1.1590,  1.1121
  1.6130,  1.7431
  3.7890,  3.9148
  1.1200,  1.0810
  0.6920,  0.6355
  1.6190,  1.6113
  0.7710,  0.7947
  0.9520,  0.9922
  5.9260,  5.8536
  2.6050,  2.4311
  2.0920,  2.0073
  1.3300,  1.3437
  4.0940,  4.0638
  0.5080,  0.5395
  2.4740,  2.5060
  1.7440,  1.7599
  1.2850,  1.2605
  0.7820,  0.8443
  2.4370,  2.4862
  4.3620,  4.3038
 13.7070, 13.4317
  5.3690,  5.6308
  0.5460,  0.5798
  1.5890,  1.5632
  0.7010,  0.6958
  0.8020,  0.8522
  3.4810,  3.4617
  0.4790,  0.5204
  1.0180,  1.0471
 12.8800, 13.1876
  2.8640,  2.8029
  0.9750,  0.9498
  1.2500,  1.2372
  2.0430,  2.0150
  1.2630,  1.2427
  4.2420,  4.3100
  2.3070,  2.2500
  5.0910,  4.9441
  2.3650,  2.4279
  2.1240,  2.0866
  3.3730,  3.3086
  0.6050,  0.6513
  2.0180,  1.9250
  2.1860,  2.3043
  0.9520,  0.9430
  0.8980,  0.8887
 12.3070, 12.9880
  2.1640,  2.1494
  7.5410,  7.0307
  3.6050,  3.7920
  2.6350,  2.5739
  1.1850,  1.1880
  0.7370,  0.7668
  1.7050,  1.7642
  3.9700,  3.9988
  8.4820,  8.4198
  1.6570,  1.8026
  0.4610,  0.4958
  0.6970,  0.7413
  1.3590,  1.3904
  6.5760,  6.3911
  1.4390,  1.4722
  2.7720,  2.7020
  6.9050,  7.1756
  0.9750,  0.9180
  7.8530,  7.8050
  1.0490,  1.0170
  0.8910,  0.8397
  3.0900,  3.2778
  1.3410,  1.3405
  3.5930,  3.6062
  1.5800,  1.5899
  1.1560,  1.1229
  1.1090,  1.1122
  0.7170,  0.6816
  0.4430,  0.5291
  0.8100,  0.8601
  1.3060,  1.2886
  0.8140,  0.8639
  3.5750,  3.6470
  3.0440,  2.9964
  0.6470,  0.7328
  1.9060,  1.8719
  0.6150,  0.6693
 10.9540, 11.4265
  2.3240,  2.2963
  1.2430,  1.2036
  1.0430,  1.0928
  1.8960,  1.8586
  2.5920,  2.6233
  0.8590,  0.8170
  2.9790,  3.0565
  0.8450,  0.8733
 13.4700, 13.9898
  0.8950,  0.9759
 12.8040, 12.3590
  0.8850,  0.9454
  1.7170,  1.7878
  2.6610,  2.7277
  1.2070,  1.2104
  0.6880,  0.6761
  3.8090,  3.7953
  2.8760,  2.8064
  3.1330,  3.1008
  2.0010,  1.9555
  5.8650,  5.7799
  2.7930,  2.6838
  1.6340,  1.7106
  0.8010,  0.8397
  4.6850,  4.6538
  2.4680,  2.5320
  1.9880,  2.0254
  1.5620,  1.5120
  0.9380,  0.9570
  0.8360,  0.8605
  1.1900,  1.1790
  0.9810,  0.9547
  8.3480,  8.6470
  1.0330,  1.0443
  0.4080,  0.5272
  0.4780,  0.5495
 11.0470, 10.7185
  1.3780,  2.7256
  0.9970,  1.0425
  6.4850,  6.5471
  1.1880,  1.2205
  7.2290,  7.2327
  0.6670,  0.6939
  0.6680,  0.7341
  1.9000,  1.9810
  4.0080,  4.1613
 13.2190, 12.7690
  1.6720,  1.6886
  2.1450,  2.2173
  0.7040,  0.7551
  2.4960,  2.6012
  5.1530,  4.8901
  2.4420,  2.4313
  1.6240,  1.6159
  4.3910,  4.5376
  4.6790,  4.0915
  1.8950,  1.9534
  2.4540,  2.4443
  1.0260,  1.0217
 16.6490, 16.3569
  0.6530,  0.7065
  2.3170,  2.3778
  0.9710,  0.9698
  2.4240,  2.3449
  3.2670,  3.2956
  1.9270,  2.0554
  3.6900,  3.5557
  1.2300,  1.2145
  3.2760,  3.2960
  2.1740,  2.2239
  2.4490,  2.4871
  2.4890,  2.4989
  2.5240,  2.5023
  1.3940,  1.4906
  4.9340,  5.1253
  4.8000,  4.8734
  0.6110,  0.5979
  1.0130,  0.9886
  0.7530,  0.7783
  1.7750,  1.6257
  2.8960,  2.7990
  3.2660,  3.1356
  1.5470,  1.5824
  0.6510,  0.7118
  3.9840,  4.0306
  1.5940,  1.5507
  2.1420,  2.1439
  1.2340,  1.1850
  2.7590,  2.8216
  1.2820,  1.3019
  0.4660,  0.5095
  1.3370,  1.3687
  1.0980,  1.0977
  2.2990,  2.2797
  1.7740,  1.7905
  0.8600,  0.9263
  0.8700,  0.8739
  7.0780,  7.2210
  2.2620,  2.2818
  0.8640,  0.8567
  1.5430,  1.5930
  0.7260,  0.7720
  0.7240,  0.7557
  1.7540,  1.7672
  1.1760,  1.1803
  3.5390,  3.7163
  2.8330,  2.7985
  1.7490,  1.7652
  1.7090,  1.7344
  1.0550,  1.1247
  4.4660,  4.4811
  5.1010,  5.0343
  1.7520,  1.7448
  2.9880,  3.0722
  1.1260,  1.0738
  1.8640,  1.8513
  1.0340,  0.9839
  0.8790,  0.9052
  1.6430,  1.5933
  0.6790,  0.7137
  1.6970,  1.8186
  1.3470,  1.3327
  2.3790,  2.5136
  1.1190,  1.1660
  5.1960,  5.2766
  1.0890,  1.0408
  3.5830,  3.7334
  1.6430,  1.6246
  2.4730,  2.4513
  1.3090,  1.2721
  1.1590,  1.1754
 10.7280, 10.5424
  7.8660,  7.6265
 11.5560, 11.9951
  0.9480,  0.9175
  2.9230,  2.8895
  2.0160,  2.1240
  4.4070,  4.6023
  0.4940,  0.5463
  2.8490,  2.9291
  0.9250,  0.8103
  1.0340,  1.0167
  7.7770,  7.8499
  1.5500,  1.5160
  1.0520,  1.0248
  4.0500,  4.2669
  1.7220,  1.7759
  2.6340,  2.6399
  5.3830,  5.2485
  1.3570,  1.3725
  1.1610,  1.0762
  1.3740,  1.4122
  1.4620,  1.5059
  4.9690,  4.8154
  2.2340,  2.1733
  2.7400,  2.8019
  0.5530,  0.6265
  0.7830,  0.8070
  0.6960,  0.7346
  0.9360,  0.9318
  0.8520,  0.8816
  1.2880,  1.2592
  5.0960,  4.8877
  5.0440,  4.9593
  3.1220,  3.1641
  1.0480,  1.1302
  5.5590,  5.4265
  1.0780,  1.0456
  8.0290,  7.9454
  1.0750,  1.0927
  0.7580,  0.7690
  1.8620,  1.7495
  2.8210,  2.8516
  0.6770,  0.6952
  1.7000,  1.6810
  1.7200,  1.6773
  2.9830,  3.0061
  1.4790,  1.3855
  0.8480,  0.8837
 14.7660, 14.6018
  0.7220,  0.7795
  1.6570,  1.6819
  5.9890,  6.0029
  0.5720,  0.5884
  3.8070,  3.8767
  3.8110,  3.8780
  1.2120,  1.2396
  2.2130,  2.2376
  0.7980,  0.8159
  5.7290,  5.6347
  1.3100,  1.3218
  0.8670,  0.8788
  3.4010,  3.2587
  5.2600,  5.2651
  1.1310,  1.0865
  1.8470,  1.9848
  1.0700,  1.1568
  4.7920,  4.5594
  1.5990,  1.5851
  1.0240,  0.9651
  6.4290,  6.5177
  1.7120,  1.7637
  0.6940,  0.7238
  1.0480,  1.0386
  8.2920,  8.1745
  1.5490,  1.4407
  1.8010,  1.8453
  1.2170,  1.2512
  2.2070,  2.1585
  2.4460,  2.5713
  1.5490,  1.6214
  1.4030,  1.3500
  7.0220,  7.0265
  1.8500,  1.8846
  1.8510,  1.9397
  0.7580,  0.7990
  6.7810,  6.6105
  1.2380,  1.1639
  4.4440,  4.4129
  3.4270,  3.4258
  2.9310,  2.9435
  0.9890,  1.0045
  1.1290,  1.1498
  4.6010,  4.5915
  0.9240,  0.8812
  6.0810,  5.9742
  0.8150,  0.8351
 13.3770, 13.1891
 13.9520, 11.1410
  4.2220,  4.2220
  1.3800,  1.3700
  0.7520,  0.7659
  1.8780,  1.9491
  4.1570,  4.0427
  0.6390,  0.6687
  1.2950,  1.3153
  1.3980,  1.4650
  1.0020,  1.0330
  1.5830,  1.6647
  2.3100,  2.3446
  0.6370,  0.6650
  4.1860,  4.2731
  0.6890,  0.6723
  0.5090,  0.5574
  4.2420,  4.1628
  2.1660,  2.2094
  1.1030,  1.1128
  0.8580,  0.9059
  7.1380,  7.5701
  1.3230,  1.3797
  1.6810,  1.6194
  1.3550,  1.3928
  1.0600,  1.0734
  3.4600,  3.5016
  3.6920,  3.8352
  0.6860,  0.7015
  1.2480,  1.3071
  5.1160,  4.9978
  1.9470,  2.0617
  1.4800,  1.5096
  0.8610,  0.8724
  1.3900,  1.3936
  1.6040,  1.5684
  1.7490,  1.7972
  6.2570,  6.4426
  0.9540,  1.0120
  0.4900,  0.5069
  3.5450,  3.5143
  1.9010,  1.9452
  1.5890,  1.6638
  6.9290,  6.8905
 12.6130, 12.5448
  0.4580,  0.5653
  2.2610,  2.2140
  2.4570,  2.5849
  2.8160,  2.5126
  0.4050,  0.4796
  0.6620,  0.6700
  1.4040,  1.3567
  2.4680,  2.5874
  3.8280,  3.8437
  7.3450,  7.5690
  4.4940,  4.5750
  3.5400,  3.5721
  1.7890,  1.7839
  1.3810,  1.4036
  4.9750,  5.0190
  1.2120,  1.1832
 12.2280, 12.1008
  6.9840,  6.6013
  4.8980,  5.1007
  3.4870,  3.3318
  0.7440,  0.7410
  0.8110,  0.8483
  2.3950,  2.4095
  1.6140,  1.5749
  1.3740,  1.3804
  2.0990,  2.1414
  1.0780,  0.9374
  1.0500,  1.0823
  3.6820,  3.5417
 13.8470, 14.0705
  5.3240,  5.4625
  1.8810,  1.9068
  6.5100,  6.4226
 12.4190, 12.3536
  0.6420,  0.6648
 10.7410, 10.8566
  1.1210,  1.1262
  2.0600,  2.1440
  7.3120,  6.9318
  1.8600,  1.9099
  1.8330,  1.8267
  2.6770,  2.7098
  0.4760,  0.5344
  0.5330,  0.5453
  0.7610,  0.7138
  1.8970,  1.8923
  9.0310,  8.7013
  2.1530,  2.1799
  1.5250,  1.5909
  0.8340,  0.8735
  2.1210,  2.0046
  1.0820,  1.2122
  1.1730,  1.2088
  0.5350,  0.5526
  0.4280,  0.4793
  0.6760,  0.6510
  0.6180,  0.6320
  4.1300,  4.1862
  1.0420,  1.0556
  4.7650,  4.6739
  1.7720,  1.8877
  4.7980,  4.8315
  1.8430,  1.8687
  2.6760,  2.6747
  1.3780,  1.3410
  0.4900,  0.5174
  1.2320,  1.3128
  2.0000,  1.9677
  1.6330,  1.5902
  1.9290,  2.0375
  4.8880,  4.8652
  2.2700,  2.4493
  0.7400,  0.7270
  1.1010,  1.0970
  1.4950,  1.4943
  9.8980,  6.6624
  1.7710,  1.8187
  3.1620,  3.2718
  0.7730,  0.8128
  4.9280,  4.9112
  0.8360,  0.9460
  3.2980,  3.1082
  2.2160,  2.2188
  2.9740,  2.9074
  2.6880,  2.6168
  1.4830,  1.4698
  0.6800,  0.6998
  9.0480,  9.3767
  0.9090,  0.9952
  1.5150,  1.5605
  1.0080,  1.1010
  1.0420,  0.9613
  1.3430,  1.3546
  3.9320,  3.9311
  0.8960,  0.8653
  1.1250,  1.2275
  8.7370,  8.3074
  7.8220,  7.7615
  3.0790,  3.2185
 17.3650, 16.8965
  1.2520,  1.2453
  2.8900,  2.9215
  1.6780,  1.7042
  0.4120,  0.4870
  4.2150,  4.1438
 11.4230, 11.5740
  1.0030,  1.0522
  1.6010,  1.5436
  1.6590,  1.6044
  0.7020,  0.7324
  1.0350,  1.0168
  1.9440,  1.9102
  1.1840,  1.1878
  0.8530,  0.8967
  0.8290,  0.7948
  1.1260,  1.1302
  2.9410,  3.0896
  1.0190,  1.1412
  0.5360,  0.5849
  3.0030,  3.0219
  2.5150,  2.5465
  5.9750,  6.0280
  0.7120,  0.6794
  2.5220,  2.5682
  1.5100,  1.4513
  0.3580,  0.4838
  0.4470,  0.5057
  3.3370,  3.3312
  1.3400,  1.3145
 11.4330, 11.6771
  0.8690,  0.9237
  1.6420,  1.4166
  5.7990,  5.1879
  1.8060,  1.8501
  3.0500,  3.0246
  1.6380,  1.6524
  1.3760,  1.3069
  1.6450,  1.6778
  1.1470,  1.1313
  3.3530,  3.4456
  1.5230,  1.5810
  4.8870,  5.1557
  2.0330,  1.9379
  0.4700,  0.4853
  8.3380,  8.6196
 10.0300, 10.7079
  3.7180,  3.9178
  1.0580,  1.0487
  1.3330,  1.3874
 13.6910, 13.3305
  2.0130,  2.0044
  3.2510,  3.1860
  2.2430,  2.5809
  1.6560,  1.6814
  5.1810,  5.3263
  0.8730,  0.8462
  4.9750,  5.2925
  1.0990,  1.0710
  3.0460,  3.0603
  2.8300,  2.6878
  8.6090,  8.6100
  1.3820,  1.2878
  1.6060,  1.5588
  4.9980,  4.8451
  0.8420,  0.8434
  1.2500,  1.2231
  3.2470,  3.3426
  1.5420,  1.5934
  5.7790,  5.7940
  8.4970,  8.3035
  0.8250,  0.8786
  0.9190,  1.0253
  1.2750,  1.2341
  1.2180,  1.1558
  3.0820,  3.1876
  1.9290,  1.9212
  1.8780,  1.9061
  9.7090,  9.7748
 16.0650, 15.8382
  0.5170,  0.5253
  0.6130,  0.6125
  0.9790,  0.9758
  4.0520,  4.1616
  3.1660,  3.1485
  1.2140,  1.1934
  3.3340,  3.4284
  5.5770,  5.7231
  2.6800,  2.6533
  4.3360,  4.1062
 16.7310, 16.5529
  9.3400,  9.6038
  2.0920,  2.0923
  4.2440,  4.4595
  0.4740,  0.5113
  0.4210,  0.4568
  4.7050,  4.8041
  1.3540,  1.3752
  2.6610,  2.5090
  0.5130,  0.5937
  0.5220,  0.5247
  2.5140,  2.5076
  5.2780,  5.3826
  1.9850,  2.1479
  0.8120,  0.8798
  3.9230,  3.9863
  1.5040,  1.5466
  2.2110,  2.1443
  1.3570,  1.4233
  7.8640,  8.0857
  7.2750,  7.8214
  6.1880,  6.1065
  1.4540,  1.3878
  0.7620,  0.7294
  2.9510,  3.0236
  5.3270,  5.1025
  0.7480,  0.7943
  0.8320,  0.8678
  1.4850,  1.5226
  1.3150,  1.2674
  6.5740,  6.4831
  0.7850,  0.8195
  1.5390,  1.5085
  0.9910,  1.0559
  4.9410,  5.7551
  1.9800,  1.6784
  1.2510,  1.2621
  5.9250,  6.0724
  3.5540,  3.5171
  1.2700,  1.3043
  1.8440,  1.8404
  5.2740,  5.1396
  1.3500,  1.3769
  2.9330,  3.0611
  0.7040,  0.7121
  2.6920,  2.5524
  4.8120,  4.9042
 12.3380, 11.5125
  0.5560,  0.5776
  5.2760,  5.0606
  2.8840,  2.8663
  0.8740,  0.8668
  2.4570,  2.4607
  2.8870,  2.7516
  7.4200,  7.4757
  0.9950,  1.0573
  5.8260,  5.8563
  2.2600,  2.2673
  0.6280,  0.6705
  7.1290,  7.1321
  3.6960,  3.7460
  1.7790,  1.8259
  0.5730,  0.6289
  2.6520,  2.6678
 13.0910, 13.0288
  0.7890,  0.8240
  4.7020,  4.6340
  0.6920,  0.7097
  1.3350,  1.3044
  2.2720,  2.3614
  0.7420,  0.7750
  1.2180,  1.2231
  3.2980,  3.3092
  3.7270,  3.7927
  0.8330,  0.8489
  2.1600,  2.0638
  3.9800,  3.9547
  3.0870,  3.0114
  2.9670,  2.9946
  9.2580,  9.0826
  2.0340,  2.0529
  0.5080,  0.5170
  2.0440,  2.1327
  1.5020,  1.5187
  2.8260,  2.7808
  0.9210,  0.9828
  2.6140,  2.5815
  2.4540,  2.4557
  2.5580,  2.6677
  0.6270,  0.6229
  0.5290,  0.6114
  0.7590,  0.7575
  1.1950,  1.1503
  6.4930,  6.4532
  0.9430,  0.9654
  7.8560,  8.0603
  0.6550,  0.7243
  2.2690,  2.2553
 11.5710, 11.0517
  0.5940,  0.5917
  2.7090,  2.6906
  1.7280,  1.7702
 13.7640, 13.6041
  0.5900,  0.6119
  0.9330,  0.9972
  1.2860,  1.3089
  4.3750,  4.3889
  0.4290,  0.5048
  2.7080,  2.7251
  1.2350,  1.1501
  3.1780,  3.0539
  1.7800,  1.7356
  0.4860,  0.5745
  1.0090,  1.1077
  4.9570,  5.0088
  2.3210,  2.3560
  3.7710,  3.7384
  0.8620,  0.9048
  1.9330,  1.9614
  0.8190,  0.8044
  2.3230,  2.4420
  2.4050,  2.3642
  1.0810,  1.0594
  1.3390,  1.3582
  1.0380,  0.9971
  1.9110,  1.9203
  0.5720,  0.6486
  1.0840,  1.1303
  1.0720,  1.0727
  0.6550,  0.6702
  1.1820,  1.1585
  2.2480,  2.3862
  1.4700,  1.3967
  1.6590,  1.8074
 13.8050, 13.0600
  1.7080,  1.6628
 14.1940, 13.8737
  6.9660,  6.9812
  2.7190,  2.7870
  1.0290,  1.1144
  1.2570,  1.2622
  3.7710,  3.8473
 10.1930, 10.0120
  2.8190,  2.7072
  2.7720,  2.8382
  5.0510,  5.1762
  1.0110,  1.0550
  1.3580,  1.4441
  1.2670,  1.3610
  2.7070,  2.6727
  0.7920,  0.7998
  0.4430,  0.5162
  1.1260,  1.2147
  0.9530,  0.9830
  0.9840,  0.9755
  1.9560,  2.0032
  1.6210,  1.6159
  2.1380,  2.0176
  2.9900,  2.9701
  4.7530,  4.4507
  0.7730,  0.7633
  0.7380,  0.7280
  5.1380,  5.0971
 11.2470, 11.5874
  2.0250,  2.1019
 13.2480, 11.4716
  0.6850,  0.7003
  1.6310,  1.5617
  6.1210,  6.1526
  0.5610,  0.6266
  0.7490,  0.8145
  2.0080,  2.2342
  2.6650,  2.7374
  4.5210,  4.8628
  2.6130,  2.5169
 14.1580, 14.5160
  6.8350,  6.9165
  9.2280,  9.3809
  4.9100,  4.7723
  4.1290,  4.1902
  2.0300,  1.9458
  3.1700,  3.3726
  2.2870,  2.3667
  2.3990,  2.4048
  1.5900,  1.5469
  1.5860,  1.5413
  1.1020,  1.0963
  0.5700,  0.5996
  1.1000,  1.0192
  1.5160,  1.5225
  1.1730,  1.1565
  1.5990,  1.6617
  3.0610,  3.1218
  0.7010,  0.7718
  2.9470,  2.9392
  1.4150,  1.4296
  0.8960,  0.8845
  2.1250,  2.1465
  1.8790,  1.8846
  1.5710,  1.5519
  7.4880,  7.3812
  3.5970,  3.6236
  0.4220,  0.5167
  0.6960,  0.7054
  0.6360,  0.7036
  0.6150,  0.6850
  0.9170,  0.8858
  7.6710,  7.9297
  1.1650,  1.2593
  3.0480,  3.1338
  3.3260,  3.2913
  2.5940,  2.6222
  2.4320,  2.5533
  2.5140,  2.4196
  3.7810,  3.8638
  3.2480,  3.3272
  2.4270,  2.4582
  8.0590,  8.6954
  1.3160,  1.2854
  2.1020,  2.0342
  2.8500,  2.8997
  1.8100,  1.8432
  1.3850,  1.3732
  5.6080,  5.4424
  1.8000,  1.8825
  8.4960,  7.5969
  1.6210,  1.6423
  3.5330,  3.5508
  4.9140,  5.0518
  1.0000,  1.0093
  0.8430,  0.8941
 11.2030, 10.1016
  0.8380,  0.8576
  0.8470,  0.8542
  0.8940,  0.8528
 12.6920, 12.1582
  4.1400,  4.0763
  1.2780,  1.1817
  0.7560,  0.7697
  0.8320,  0.8511
  5.1850,  5.3130
  1.5670,  1.6261
  5.1260,  5.0594
  0.5550,  0.5925
  1.3620,  1.3567
  5.3870,  6.6049
  2.0570,  1.9873
  3.7180,  3.6524
  0.9410,  0.9241
  1.7990,  1.8144
  1.8030,  1.7675
  0.4930,  0.5527
  1.4570,  1.5137
  0.9320,  0.9760
  1.4910,  1.5556
  1.0660,  1.0926
  6.6140,  6.6488
  2.6250,  2.6494
  6.4370,  6.2887
  0.8330,  0.8858
  2.9100,  2.8781
  3.2900,  3.3440
  7.7880,  8.0356
  6.6330,  6.7108
 10.1750, 10.5862
  3.3780,  3.3393
  7.1210,  7.1410
  0.7330,  0.6954
  1.3550,  1.3461
  1.9760,  1.9105
  1.3300,  1.3802
  1.6130,  1.6790
  2.5080,  2.6620
  0.6020,  0.6693
  1.9610,  1.9778
  1.8400,  1.8646
  0.6200,  0.6373
  0.6230,  0.6330
  1.0560,  1.0558
  1.2840,  1.3608
  5.7800,  5.7823
  4.6880,  4.7541
  4.2010,  4.3548
  1.1140,  1.0612
  1.2110,  1.2128
  4.0230,  4.0320
  1.0620,  1.1055
  2.4580,  2.0603
 11.2990, 12.1319
  1.0030,  1.0031
  3.2320,  3.1222
  0.9650,  1.0433
  2.2730,  2.2739
  1.4290,  1.4104
  5.5420,  5.6569
  7.1410,  6.9958
  2.7890,  2.8603
  2.6370,  2.6637
  0.8670,  0.9196
  2.1350,  2.2022
  8.5660,  8.6774
  6.3460,  6.3310
  3.7560,  3.7887
  1.9000,  2.0163
  3.0380,  3.2506
  1.6750,  1.6653
  1.7210,  1.7497
  1.9540,  2.0115
  0.8190,  0.8744
  5.7630,  5.6267
  4.9090,  5.0595
  6.2040,  6.2719
  0.6340,  0.6968
  4.4370,  4.3060
  4.7470,  4.6858
  3.0780,  3.1332
  0.8320,  0.7947
  3.3690,  3.3483
  1.4090,  1.4079
  2.0690,  1.9692
  0.9030,  0.8872
  0.9100,  0.9052
  0.5090,  0.5602
  0.7910,  0.7544
  2.4330,  2.5123
  0.6720,  0.6985
  1.2730,  1.3022
  4.3950,  4.4558
  3.2140,  3.2262
  3.3480,  3.3665
  4.9790,  4.9600
  1.9430,  2.0062
  1.8240,  1.9037
  5.9650,  5.8918
  1.7230,  1.6787
  4.0360,  3.7357
  1.5190,  1.5248
  0.9530,  0.9663
  1.9200,  2.0733
  1.1590,  1.1568
  8.6910,  8.8197
  5.1840,  5.7907
  0.4610,  0.4881
  0.6360,  0.6609
 14.9860, 15.2966
  1.0260,  1.1289
  3.5020,  3.6563
 14.4550, 14.2376
  2.8330,  2.8413
  1.3640,  1.3875
  1.3280,  1.3597
  0.8990,  0.9086
  4.9970,  5.0344
  1.8450,  1.9239
  3.0760,  2.8591
  3.7650,  3.8487
  2.8160,  2.8110
  4.1940,  4.3057
  1.5220,  1.5009
  1.1800,  1.2622
  1.9480,  1.9577
  0.5360,  0.5487
  1.1790,  1.1667
  0.9080,  0.9744
  0.8490,  0.8822
  1.7390,  1.8267
  1.3420,  1.4485
  0.7670,  0.7872
  1.2430,  1.2655
  8.5260,  8.9193
  0.4540,  0.4796
  1.2040,  1.2578
  1.0560,  0.9941
  2.1660,  2.0453
  1.0260,  1.0437
  1.4100,  1.3661
  1.0960,  1.0380
  1.3060,  1.3046
  1.6500,  1.6672
  0.9540,  0.9896
  1.3850,  1.3853
  1.9840,  1.6136
  2.0710,  2.0126
  0.5710,  0.6412
  1.7540,  1.8096
  2.2920,  2.2945
  1.2970,  1.2131
  3.3660,  3.3897
  3.5870,  3.6127
  0.8800,  0.8904
  6.5380,  6.8168
  3.3990,  3.3828
  0.7570,  0.7735
  1.1960,  1.2351
  2.2360,  1.9739
  1.7510,  1.7989
  2.2320,  2.1934
  1.1530,  1.1539
  2.7200,  2.7192
  1.1230,  1.1134
  0.5210,  0.5407
  8.2760,  8.1884
 14.3820, 15.2624
  2.0480,  2.0111
  3.1620,  3.2067
  0.9890,  0.9921
  3.8320,  4.0458
  7.2900,  7.3770
  2.2600,  2.3387
  1.0360,  1.0810
  4.5670,  4.7363
  0.6330,  0.6926
  1.2800,  1.2883
  1.5500,  1.6361
 17.3790, 17.6377
  1.2740,  1.2406
  1.4080,  1.4460
  6.2730,  6.4708
  8.9830,  9.5378
  2.7170,  2.8227
  2.9400,  2.9018
  1.1400,  1.1023
  3.5650,  3.7097
  3.1160,  3.2390
  1.2080,  1.1706
 11.6040, 11.6577
  1.1910,  1.2585
 11.6650, 11.8459
  0.4580,  0.4907
  1.3300,  1.2816
  2.3300,  2.3720
  1.1030,  1.1529
  1.8330,  1.9237
  1.0490,  1.0512
  1.3200,  1.2530
  8.5780,  8.7070
  2.8210,  2.9077
  2.2330,  2.2569
  0.6620,  0.7117
  1.1540,  1.0730
  1.7170,  1.7370
  1.5690,  1.5435
  4.9930,  4.8049
  5.0350,  5.2339
  1.5740,  1.5401
  2.1380,  2.0815
  1.4450,  1.4256
 10.6260, 10.4860
  0.6890,  0.7027
  1.0360,  1.1042
  1.2340,  1.2188
  0.8990,  0.9184
  0.6040,  0.6588
  5.0110,  4.9849
  1.7500,  1.7596
  3.2830,  3.3044
  2.2280,  2.2140
  0.9400,  0.9685
  0.6240,  0.6689
  1.0600,  1.0559
  0.9250,  0.9588
  3.2300,  3.1761
  1.5060,  1.6164
  1.5100,  1.5619
  8.6330,  9.0481
  3.7630,  3.7840
  1.2750,  1.3127
  1.2300,  1.2175
  1.3860,  1.4098
  8.5990,  8.4179
  5.2860,  5.3568
  6.2520,  6.5320
  1.9400,  1.9221
  1.4530,  1.4323
  8.3090,  8.0045
  1.3570,  1.4231
  3.1840,  3.0434
  0.5190,  0.5746
  0.7260,  0.7745
  0.7900,  0.8373
  3.3310,  3.3006
  4.6680,  4.6392
  1.4750,  1.5004
  6.1670,  5.7761
  1.9500,  1.8534
  6.6400,  6.5697
  3.8200,  3.6953
  0.9580,  0.9541
  5.8110,  5.8253
  1.9860,  1.9719
  3.7990,  3.7361
  1.4670,  1.4961
  1.1530,  1.2031
  3.5170,  3.5756
  0.7830,  0.7744
  2.6910,  2.6842
  1.6880,  1.7108
  3.4610,  3.4041
  2.3180,  2.3768
  2.5370,  2.6250
 14.7820, 14.8276
  2.6110,  2.6266
  1.4970,  1.5022
  0.8420,  0.8456
  0.7940,  0.8030
  1.9660,  1.9638
  2.1830,  2.2366
  1.5080,  1.5072
  2.9960,  2.9868
  7.5490,  7.4010
  0.7750,  0.8250
  1.3130,  1.3802
  0.5590,  0.5372
  5.4560,  5.4896
  1.5360,  1.5559
  1.7170,  1.6994
  1.0530,  1.0770
  1.7890,  1.8734
  1.9850,  1.9624
  3.5590,  3.6874
  2.4660,  2.2961
  1.2110,  1.2071
  1.2120,  1.2809
  1.6960,  1.7287
  4.6070,  4.5625
  1.2500,  1.2138
  0.4520,  0.4772
  0.5520,  0.5914
  3.7610,  3.8161
 16.3040, 15.4244
  2.4610,  2.4591
  2.4240,  2.5310
  1.3970,  1.4502
  5.3660,  5.3432
  1.0440,  1.0402
 13.3860, 13.9339
  1.3400,  1.3650
  1.8610,  1.7768
  1.2050,  1.2320
  3.5010,  3.6158
  0.7530,  0.7832
  9.2290,  9.3953
  0.9550,  0.8577
  0.7830,  0.8247
  7.3450,  7.5349
  2.8700,  2.9779
  3.6450,  3.6526
  8.0610,  8.0240
  1.0420,  0.9945
  2.5930,  2.6850
  0.5390,  0.6298
  0.7970,  0.8502
  1.2960,  1.2695
  1.3340,  1.2703
  2.8250,  2.7565
  1.8620,  1.6893
  0.4440,  0.4790
  1.2010,  1.1624
  2.6370,  2.7662
  0.6410,  0.6625
  1.2680,  1.1980
  2.5150,  2.4041
  2.8930,  2.8960
  4.0570,  4.1259
  1.2820,  1.2524
  0.9130,  0.9120
  1.2250,  1.2685
  1.9410,  1.8509
  1.4820,  1.4970
  5.7110,  5.7818
  2.6880,  2.7717
  0.8070,  0.8416
  0.6680,  0.6529
  2.0180,  2.1169
  4.6110,  4.7244
  1.4580,  1.5198
  1.3020,  1.3644
  0.9190,  0.9471
  1.0460,  1.0730
  4.1870,  3.9955
  1.4220,  1.4253
  2.7510,  2.7049
  2.2700,  2.2986
  0.5740,  0.6176
  3.4020,  3.4579
  3.1910,  3.1592
  4.7280,  4.7489
 13.4590, 12.9232
  1.3320,  1.3755
  1.6110,  1.5365
  3.2100,  3.0394
  3.7780,  3.7387
  2.4690,  2.4287
  1.4410,  1.3693
  7.7480,  7.6290
  0.6110,  0.6387
  5.2240,  4.9577
  0.5260,  0.5803
  6.3180,  6.3774
  5.5210,  5.4897
  6.0080,  6.1209
  4.8180,  4.6554
  2.5760,  2.6447
  0.6390,  0.6506
  0.6040,  0.6518
  1.6470,  1.6152
  0.4840,  0.5194
  3.8110,  3.6703
  2.7230,  2.7562
  2.1120,  1.9915
  4.6790,  4.7972
  1.1190,  1.2695
  0.4600,  0.5038
  1.0740,  1.1194
 18.8330, 18.6816
  3.8850,  3.9320
  3.4020,  3.1195
  1.3800,  1.4086
  1.1520,  1.2229
  1.4220,  1.3779
  5.3310,  5.4320
  1.5070,  1.5287
  0.4840,  0.4816
  1.1470,  1.2073
  2.3500,  2.3031
  1.5990,  1.6097
  1.2330,  1.2963
  5.4490,  5.1795
  1.3700,  1.2908
 16.2410, 16.5818
 13.1310, 12.9173
  2.1180,  2.1319
  5.2280,  5.2843
  0.7000,  0.7625
  6.8390,  6.8030
  9.5330, 10.0028
  2.8240,  2.9143
 19.9270, 18.3099
  1.3040,  1.3111
  1.5040,  1.5701
  1.1970,  1.2206
  2.7510,  2.8332
  4.7360,  4.6746
  1.3000,  1.2919
  0.8760,  0.8849
  1.4960,  1.4244
  1.5680,  1.5113
  1.1510,  1.2133
  8.6100,  8.9968
 10.9780, 10.6614
  2.5620,  2.5238
  9.5880,  9.4526
  1.4090,  1.3826
  0.9130,  0.8484
  4.5920,  4.7112
  6.7370,  7.5357
  2.3580,  2.4304
  1.7120,  1.6738
  5.0210,  5.0290
  2.2020,  2.1248
  1.5890,  1.5883
  1.1570,  1.1887
  0.8270,  0.8498
  7.6440,  7.2327
  1.4470,  1.4115
  1.0730,  1.0498
  0.8120,  0.8339
  2.1550,  2.1095
  2.3200,  2.3217
  1.1180,  1.1194
  1.6170,  1.6408
  1.1430,  1.2104
  6.8630,  6.7917
  4.6200,  4.8726
  1.5650,  1.3401
  1.2730,  1.2364
  4.7730,  5.0637
  3.8840,  3.8112
  2.1740,  2.0006
  2.0870,  2.1228
  2.2450,  2.1911
  4.1460,  4.1261
  1.1430,  1.2279
  3.7130,  3.8012
  3.8940,  4.0114
  3.2210,  3.1579
  4.6500,  4.4032
  0.6140,  0.6324
  2.6390,  2.6035
  0.7900,  0.7936
  1.7550,  1.7859
  1.5220,  1.5730
  1.5900,  1.5896
  2.0980,  2.0802
  1.4750,  1.4059
 13.1990, 12.9717
  3.4340,  3.3404
  2.6510,  2.4652
  1.7470,  1.8170
  2.8840,  2.7516
  0.8190,  0.7918
  1.8210,  1.9129
  2.7540,  2.7285
  5.1120,  4.9952
  6.7350,  6.4653
  1.6240,  1.6413
  1.1670,  1.0891
 15.6680, 14.7071
  1.2370,  1.2390
 13.8510, 13.1772
  1.2070,  1.2536
  0.7890,  0.8272
  1.2030,  1.2279
  1.0340,  1.1374
  1.0950,  1.0920
  4.2450,  4.2895
  3.7960,  3.8691
  0.5070,  0.5440
  1.0870,  1.1034
  4.1400,  4.0345
  0.5500,  0.5930
  2.0880,  2.1439
  4.9930,  4.9917
 14.9350, 14.9274
  1.0680,  1.1261
  2.8480,  2.8826
  1.5970,  1.6455
  1.3100,  1.3014
  1.1240,  1.0907
  0.5170,  0.5715
  4.2130,  4.2585
  2.2540,  2.3305
  5.1170,  5.3500
  1.1510,  1.2059
  1.8590,  1.9747
  7.2840,  7.5452
  4.5040,  4.6449
 16.6540, 15.6100
  1.6020,  1.5754
  1.1510,  1.1920
  0.7490,  0.7322
  1.1210,  1.1387
  1.9900,  1.9721
  5.8760,  6.0997
  3.7570,  3.7925
  0.5700,  0.6329
  2.3320,  2.2864
  4.6190,  4.8007
  1.6270,  1.6430
  0.8360,  0.8858
  2.1810,  2.0472
  1.4040,  1.3480
  6.3460,  6.5101
  2.7020,  2.7406
  2.8570,  2.8902
  0.6150,  0.6024
  2.8300,  2.9071
  1.3240,  1.3436
 17.8370, 17.6091
 11.8880, 11.6401
  1.3310,  1.3743
  3.1420,  3.2427
  1.2400,  1.2573
  7.3170,  7.4424
  6.4730,  6.4173
 13.3120, 13.8903
 15.3750, 13.1971
  1.1110,  1.1264
  0.5370,  0.5536
  1.2460,  1.2814
  0.9550,  1.0239
  3.3770,  3.4225
  3.0810,  3.0937
  1.6850,  1.5730
  5.3910,  5.2819
  1.0550,  1.0410
 12.1480, 12.3389
  1.4580,  1.5209
  0.8020,  0.8747
 10.5040, 10.8155
  0.4770,  0.5012
  0.9600,  0.9284
  3.3100,  3.4189
  2.4140,  2.4083
  1.1880,  1.2225
  1.0930,  1.1501
  0.4420,  0.4961
  1.2650,  1.2997
  0.7910,  0.7974
  0.6100,  0.6364
  2.0100,  1.9180
  1.4300,  1.4535
  0.8420,  0.8720
  0.8000,  0.8387
  0.5790,  0.6166
  1.3940,  1.4908
  1.1930,  1.2199
  0.6590,  0.6633
  0.8990,  0.8982
  0.7180,  0.7127
 10.9020, 10.5507
  5.4750,  5.0501
  1.3050,  1.3324
  4.0950,  4.3313
  2.6120,  2.6375
  2.4330,  2.5136
  1.5600,  1.6958
  0.6220,  0.6438
  0.4860,  0.5189
  2.6400,  2.7327
  0.7370,  0.7843
  1.2650,  1.2607
 11.6090, 11.2194
  0.8140,  0.8041
  0.3900,  0.5052
  1.1060,  1.1460
  2.0360,  2.0632
  3.9660,  3.8923
  1.2250,  1.2200
  5.3330,  5.4144
  3.8040,  3.8378
  8.7840,  8.4955
  2.0900,  2.1042
 12.7070, 12.7940
  2.7230,  2.7644
  2.1230,  2.1589
  0.8290,  0.8577
  1.5720,  1.6319
  8.1080,  7.9311
  1.0340,  1.0924
  1.8810,  2.0050
  1.4190,  1.3977
  0.7580,  0.8030
  1.8580,  1.8019
  3.6320,  3.6294
  2.9740,  3.0159
  1.0240,  1.0638
  1.8690,  1.8375
  6.6150,  6.7173
  0.7550,  0.8116
  1.2920,  1.2970
  1.4260,  1.3937
  0.4900,  0.5469
  8.8290,  8.7966
  1.9170,  1.8846
  1.0700,  1.0931
  5.2460,  5.5117
  1.8230,  1.9765
  1.6230,  1.7171
  1.2970,  1.3192
  3.1110,  3.0539
  1.6260,  1.5795
  4.5940,  4.5320
  0.6720,  0.7028
  0.4740,  0.5009
  1.8150,  1.7290
  0.6630,  0.6852
  9.4430,  9.1779
 10.9650, 11.1016
  2.2590,  2.3991
 13.1350, 12.7597
  4.2590,  4.1633
  0.3870,  0.4547
  0.8610,  0.9135
  1.3160,  1.2476
  2.3990,  2.4987
  2.9340,  3.2149
  0.4570,  0.4721
  0.4730,  0.5506
  5.0450,  5.1719
  0.6580,  0.6995
  4.1050,  4.0928
  2.1060,  2.0810
  2.2590,  2.2379
  1.0250,  1.0566
  3.9210,  4.3878
  1.8230,  1.8771
  0.8780,  0.8401
  5.0420,  5.2964
  1.8780,  1.8422
  1.6830,  1.6342
  1.0310,  0.9949
  0.7030,  0.7188
 12.6260, 11.7220
  3.5560,  3.6925
  1.7890,  1.7948
  6.6620,  6.5140
  5.5450,  4.9671
  0.7820,  0.7672
  1.2370,  1.3159
  2.0410,  2.0436
  0.6050,  0.6337
  2.7820,  2.8378
  5.9620,  5.8744
  2.1330,  2.1930
  2.2830,  2.3631
  2.3000,  2.1825
  0.8360,  0.8714
 16.4020, 15.9866
  1.9050,  1.6917
  5.5080,  5.4265
  1.5060,  1.5651
  0.5040,  0.5480
  0.6870,  0.7072
 12.6110, 13.2103
  0.7440,  0.7415
  0.4800,  0.5528
  5.6760,  5.9535
  0.5790,  0.6554
  3.0230,  3.0379
  2.1480,  2.2169
  2.7750,  2.8819
  5.9890,  5.9373
  0.7890,  0.8009
  1.6460,  1.6651
  1.1780,  1.1256
  0.7980,  0.8472
  0.9060,  0.8669
  0.9810,  1.0345
  1.8470,  1.8549
  1.1480,  1.1692
  0.8550,  0.8944
  2.2350,  2.2475
  5.0910,  4.9282
  1.3930,  1.4464
  6.0930,  6.1686
  5.4170,  6.3546
  0.9230,  0.9483
  5.2400,  5.0064
  1.0910,  1.1033
  1.9150,  1.9592
 11.6000, 11.3711
  1.6650,  1.7325
  2.7610,  2.7501
  1.7730,  1.7484
  1.1460,  1.1540
  1.6710,  1.6001
  3.1070,  3.1179
  1.6350,  1.6127
 14.8030, 14.5612
  8.3190,  8.1323
  8.5780,  8.9489
  1.3080,  1.3033
  0.6700,  0.7209
  3.4000,  3.3419
  8.6550,  8.5048
  6.1490,  5.9357
  0.7360,  0.7759
  1.7980,  1.7820
  1.0720,  1.1071
  0.9340,  0.9434
  4.0980,  4.1482
  1.8510,  1.9483
 19.2400, 18.1387
  4.4450,  4.4223
  7.8230,  7.4431
  4.3430,  4.3166
  1.5800,  1.6239
  1.4180,  1.4067
  6.0320,  5.9139
  0.6030,  0.6270
  5.7680,  5.6041
  2.7870,  2.8412
  1.1640,  1.1836
  2.6660,  2.7065
  0.5580,  0.5493
  2.3730,  2.3876
  4.7710,  4.7277
  1.0640,  0.9474
  5.0900,  5.2067
  1.6290,  1.4636
  1.5200,  1.4958
  1.3480,  1.4356
  0.7430,  0.7573
  9.2310,  9.1235
  0.6020,  0.6269
  0.8150,  0.8214
  3.7990,  3.8881
  1.4310,  1.4622
  3.6050,  3.5019
  1.0540,  1.1442
  1.3670,  1.4458
  3.1650,  3.1274
  0.9510,  0.9914
  0.8210,  0.8626
  2.2880,  2.2810
  1.2200,  1.2742
  0.9540,  0.9975
  1.3320,  1.3275
  2.6940,  2.9044
  1.6230,  1.6363
  0.8580,  0.8462
  6.2610,  6.1884
  0.6430,  0.6849
  3.5830,  3.5647
  1.2160,  1.2172
  1.1690,  1.1290
  0.5690,  0.5691
  1.6970,  1.7906
  0.6100,  0.6211
  1.3700,  1.4148
  2.4590,  2.4190
  1.8500,  1.8211
  1.4930,  1.5389
  0.6440,  0.6757
  1.2200,  1.2517
  6.5620,  6.3504
  0.9260,  0.8982
  0.8620,  0.8915
  0.8300,  0.8171
  3.0160,  3.0729
  2.2660,  2.2388
  1.4880,  1.4697
 16.6880, 17.2273
  2.4060,  2.3642
  0.9770,  0.9318
  3.9100,  3.6007
  6.2240,  5.9997
  1.1200,  1.1344
  0.8570,  0.9120
  8.5150,  9.4951
  2.1020,  2.1660
  1.1680,  1.1462
  0.5900,  0.6655
  0.7860,  0.7471
  6.7820,  6.8349
  2.0680,  2.0827
  3.1660,  3.2839
  2.7180,  2.7600
  3.7330,  3.6241
  0.8820,  0.9567
  3.1610,  3.0232
 10.5640, 10.8153
  0.7170,  0.6991
  0.8770,  0.8903
  0.9340,  0.9454
  1.0660,  1.0852
  2.0680,  2.0284
  4.4960,  4.6070
  1.7580,  1.7891
  6.7400,  6.6618
  0.7090,  0.7528
  1.2160,  1.2134
  1.9840,  1.8014
  1.0330,  1.0899
  1.0580,  1.1285
  1.2720,  1.3084
  2.2240,  2.2885
  7.3730,  7.3628
  0.8890,  0.9015
  0.9160,  0.9252
  1.2250,  1.2729
  2.1960,  2.2761
  0.7590,  0.7364
  3.9790,  4.0367
  1.3140,  1.3131
  3.9290,  3.8065
  2.5790,  2.5811
  1.0750,  1.1024
  3.6100,  3.5722
  1.1280,  1.0369
  5.0320,  4.9207
  4.5400,  4.5789
  3.9310,  3.9774
  2.2570,  2.3689
  6.5820,  6.6064
  0.7340,  0.7347
  1.0350,  1.0221
  9.5720,  9.5467
  1.2260,  1.2681
  4.4980,  4.5791
  0.9730,  0.9918
  1.8730,  1.8104
  3.2020,  3.2509
  1.1260,  1.1105
  3.4650,  3.5616
  0.7980,  0.7969
  5.2010,  5.2329
  0.7330,  0.7066
  0.8950,  0.8846
  1.6500,  1.7243
  1.8450,  1.8514
  4.0170,  3.8884
  0.4600,  0.5082
  1.6860,  1.6436
  1.7010,  1.8158
  0.5720,  0.5811
  0.5780,  0.5506
  4.6980,  4.7188
  2.6660,  2.6313
  0.8690,  0.8588
  0.6190,  0.6194
  4.7760,  4.7833
  0.7080,  0.7291
  4.6090,  4.5887
  0.4560,  0.5305
  1.2720,  1.2694
 11.9300, 12.3521
 12.9630, 13.7878
 12.3830, 12.1877
  0.7370,  0.7668
  3.0600,  3.0718
  1.1080,  1.1389
  1.3380,  1.4174
  6.8200,  6.7689
 12.9970, 13.1172
 13.3980, 12.7806
  2.0290,  2.0498
  9.3790,  9.0627
  8.4800,  8.4196
  1.7130,  1.6284
  2.1020,  2.0916
  0.5560,  0.5996
  0.8860,  0.9117
  3.6960,  3.7668
  1.4640,  1.5003
  1.3750,  1.4058
  1.3190,  1.3220
  1.1780,  1.1615
 12.0810, 11.9486
  0.5650,  0.5921
  9.6910,  9.7969
  2.7000,  2.8637
  3.7700,  3.7696
  0.8810,  0.9010
  1.1340,  1.1264
  0.7690,  0.7528
  1.0110,  0.9933
  1.2030,  1.2073
  3.3290,  3.3924
  4.4650,  4.3741
  0.4080,  0.4504
  3.0840,  3.1113
  1.5870,  1.6263
  2.4020,  2.3856
  1.2270,  1.2725
  1.6160,  1.6872
  0.9400,  0.9955
  2.3200,  2.4383
  5.8730,  5.6278
  2.5500,  2.6467
  1.9180,  1.8620
  1.9050,  1.9426
  1.1690,  1.1545
 10.7250, 10.8636
  1.8520,  1.7576
  0.7040,  0.7359
 16.4090, 15.1896
  2.3650,  2.4117
  2.3830,  2.3791
  3.3160,  3.2021
  0.8530,  0.8623
  1.9000,  1.8235
  0.8010,  0.8048
  2.4570,  2.3526
  6.4990,  6.6046
  0.7020,  0.7549
  8.5490,  8.5170
 13.5800, 13.0984
  2.3910,  2.5388
  3.0140,  3.0994
  1.1230,  1.1392
  1.6560,  1.6619
  0.4650,  0.4713
  1.5710,  1.6139
  1.5400,  1.6030
  3.4330,  3.2877
  0.6210,  0.6752
  1.4250,  1.4076
  1.1080,  1.2088
  2.7030,  2.6555
 11.2580, 11.5696
  1.1430,  1.1677
  0.8350,  0.8230
  1.4080,  1.3585
  1.8660,  1.8082
  0.9000,  0.9270
  4.0010,  3.9074
  0.9230,  0.9574
  7.1890,  7.4361
  2.9960,  3.0612
  8.8060,  8.9047
  4.1370,  3.9489
  5.0970,  5.1870
  0.9390,  0.9278
  0.6300,  0.6883
  0.6200,  0.6209
  0.7310,  0.7666
  0.5220,  0.5541
  1.2800,  1.2011
  0.7590,  0.7589
  1.9940,  1.9341
  6.9580,  6.6885
  3.7760,  3.5535
  1.8900,  1.7552
  3.7130,  3.7728
  8.4860,  8.0966
  1.7680,  1.8124
  1.4450,  1.4239
 17.4500, 17.4271
  3.4210,  3.5896
  0.6750,  0.7224
  2.7540,  2.9582
  7.8820,  8.0537
  1.7560,  1.5623
  1.1010,  1.1404
  2.1210,  2.1641
  1.6750,  1.7715
  4.2470,  4.3056
  1.0520,  1.0989
  1.2960,  1.2811
  2.0290,  2.0044
  2.7050,  2.7406
  1.5540,  1.5250
  3.4730,  3.5318
  1.2560,  1.2763
  1.4100,  1.4433
  2.4200,  2.4608
  6.9040,  6.6838
  1.0700,  1.0805
  1.5820,  1.6332
  6.1710,  6.2910
 16.1140, 16.4285
  7.5820,  7.7206
  2.3930,  2.5446
  0.4580,  0.5182
  1.9320,  2.0907
  2.1640,  2.1929
  1.9280,  1.9764
  2.4740,  2.5011
  4.1550,  4.2175
 10.9090, 10.3761
  0.5170,  0.5862
  1.4810,  1.4814
  0.5730,  0.6305
  1.8780,  1.8553
  0.8270,  0.8511
  2.8080,  2.8141
  1.5070,  1.5674
  8.6210,  8.9905
  1.9020,  1.8986
  5.1260,  5.3892
  5.1850,  5.3098
  5.6980,  5.9559
  3.8370,  3.6801
  1.2030,  1.1766
  5.9840,  6.1858
  0.6130,  0.6404
  2.5950,  2.5986
  1.1250,  1.1463
  5.6680,  5.7417
  6.1950,  6.1440
  1.7300,  1.7554
  8.2820,  8.1651
  2.3270,  2.4075
  5.0750,  4.7843
  1.3130,  1.4044
  0.8800,  0.9374
  2.9450,  2.4827
  3.0600,  3.1188
  2.6530,  2.7746
  0.9790,  1.0008
  1.4610,  1.3829
  2.2620,  2.2627
  2.6230,  2.5847
  3.4330,  3.4418
  3.0390,  3.1172
  2.2010,  2.1305
  1.3270,  1.3481
  1.4840,  0.9551
  2.7160,  2.9197
  2.0070,  2.0761
  1.6650,  1.6813
  0.7630,  0.7209
  2.0130,  1.8933
  3.9850,  4.1063
  3.1020,  3.1107
  5.0510,  5.2096
  0.7060,  0.6690
 10.2240, 10.4956
  1.3250,  1.3112
  1.3200,  1.3931
  1.0410,  1.1086
  1.1090,  1.1392
  9.5120,  9.7552
  0.7930,  0.7979
  1.1500,  1.2408
  1.8820,  1.8816
  1.3510,  1.3302
  2.5770,  2.4498
  3.3500,  3.3697
  2.1660,  2.1561
  1.6480,  1.7426
  1.7570,  1.7738
  0.9960,  0.9976
  0.6330,  0.7015
  0.9340,  0.9515
  1.3690,  1.3600
  1.9560,  1.8775
  3.9400,  3.9924
  0.7750,  0.9125
  2.0130,  2.0050
  8.3870,  8.3370
  1.8000,  1.8147
  0.7900,  0.8266
  6.2460,  6.1630
  1.0240,  0.9871
  0.7150,  0.7083
  3.1580,  3.6182
  0.7340,  0.7418
  6.3940,  6.1723
  7.9860,  7.8467
  1.8390,  1.7752
  2.0370,  1.9718
  2.5410,  2.5391
  1.2830,  1.3084
  2.4060,  2.4313
  1.2080,  1.2341
 11.9840, 12.2446
 15.1350, 15.5804
  1.9940,  1.9841
  1.7900,  1.7624
  0.9040,  0.9334
  0.6210,  0.6310
  2.8410,  2.8367
  1.6930,  1.7609
  3.6270,  3.5094
  6.0350,  5.8626
  1.5110,  1.5289
  1.7620,  1.9339
  1.6190,  1.6291
  1.6990,  1.7280
 14.7050, 14.1085
  3.9310,  3.8390
  1.0170,  1.0521
  3.6120,  3.6418
  2.5930,  2.5596
  0.4320,  0.4837
  6.9910,  6.8323
  1.2330,  1.2421
  4.4940,  4.5824
  2.5310,  2.4970
  4.9200,  4.8709
  1.2370,  1.2976
  0.6620,  0.7225
  1.8190,  1.6996
  1.1260,  1.1561
  2.4750,  2.5168
  1.0460,  1.0024
  0.7500,  0.7735
  2.2560,  2.2740
  1.1630,  1.1615
  6.3420,  6.4519
  3.3360,  3.3590
  0.9320,  0.9564
  0.8040,  0.8169
  0.5480,  0.5796
  5.8380,  5.8104
  3.0560,  3.0829
 10.7490, 10.6275
  0.7680,  0.7960
  1.2090,  1.2334
  1.2920,  1.2744
  0.6640,  0.6626
  4.7770,  4.6736
  0.7350,  0.7827
  1.2420,  1.3110
  5.7430,  5.3991
  0.6590,  0.6884
  1.3930,  1.3543
  1.7350,  1.6024
  2.0480,  2.1246
  1.1550,  1.1530
  0.9960,  1.1551
  2.8950,  2.9162
  2.1600,  2.1883
  5.5610,  5.3987
  5.0300,  4.8177
  7.2280,  7.2078
  3.3820,  3.5880
  0.9940,  1.0295
  0.9500,  0.9188
  3.4250,  3.4488
  0.9710,  0.9282
  1.4420,  1.4374
  2.4640,  2.4379
  1.5590,  1.5103
  3.3990,  3.4730
  2.8550,  2.8979
  2.6960,  2.6773
  1.8850,  1.8906
  1.0670,  1.0732
  5.6160,  5.5957
  7.2310,  6.9080
  3.7880,  3.7977
  1.8190,  1.8396
  3.7510,  3.9346
  1.4530,  1.4317
 12.3340, 12.6698
  1.8780,  1.8776
 11.1390, 12.5738
  2.1330,  2.0898
  3.1020,  3.2143
  2.7550,  2.7692
  0.6050,  0.6469
  9.0190,  8.9979
  1.5580,  1.5572
  0.8100,  0.8638
  1.3450,  1.3771
  0.8590,  0.7457
  0.8700,  0.8938
  1.2000,  1.2758
  2.7980,  2.8401
  1.0690,  1.0223
  2.3150,  2.2560
  1.3420,  1.3643
 10.2880, 10.6679
  0.7470,  0.7849
  1.0200,  1.0033
  2.2740,  2.2846
  2.1540,  2.2053
  9.0830,  8.9932
  0.7820,  0.7719
  6.0680,  6.0360
  1.8230,  1.8721
  3.3400,  3.3087
  2.9010,  2.7640
  5.9920,  5.9216
 19.2580, 18.7350
  2.4080,  2.3091
  1.3290,  1.3651
 14.9900, 14.2316
  1.3470,  1.3379
  1.2770,  1.3506
  1.2690,  1.2366
  4.5360,  4.5340
  0.7930,  0.7847
  2.0580,  2.0799
  1.9020,  1.8923
  6.8040,  7.0927
  1.1030,  1.0534
  3.3410,  3.2170
 13.2520, 13.2044
  3.1510,  3.0738
  0.9090,  0.8663
  1.6190,  1.6425
  1.3750,  1.3893
  2.7380,  2.6461
  0.7000,  0.6776
  1.7540,  1.7652
  5.7760,  5.7269
  0.9970,  0.9695
  1.8380,  1.8138
  0.7760,  0.8366
  1.6970,  1.5706
  0.4500,  0.5122
  2.2290,  2.2209
 10.5460, 10.4269
  7.3210,  7.4867
  1.6810,  1.6636
  1.1040,  1.1215
  2.1450,  2.1723
  1.3050,  1.2517
  3.4830,  3.3512
  7.5580,  7.8257
  1.7630,  1.8492
  7.6260,  7.4183
  1.3100,  1.3061
 15.8530, 15.8724
  8.9550,  9.5707
  1.1580,  1.2101
  3.2800,  3.2955
  1.0840,  1.0932
  0.8770,  0.8929
  8.3250,  8.6206
  1.9450,  1.9161
  0.9030,  0.8841
  9.0920,  8.7644
  0.4600,  0.5354
  4.1260,  4.1620
  4.1400,  4.3727
  0.7410,  0.7466
  1.5830,  1.5550
  0.8880,  0.8613
  1.9870,  1.9333
  0.9920,  0.9633
  2.2050,  2.1550
  1.3850,  1.3602
  1.8260,  1.8941
  2.3260,  2.2914
  7.2220,  7.3013
  0.8230,  0.8828
 13.5400, 14.2213
  2.7460,  2.7265
  2.3520,  2.5062
  8.3730,  8.8926
 15.7000, 15.0988
  1.8730,  1.8432
  1.7140,  1.7919
  4.3850,  4.4193
  1.2520,  1.2868
 10.0390,  9.8483
  3.9290,  3.7400
  2.5990,  2.5233
  1.3850,  1.4521
  4.7780,  4.7817
  1.3200,  1.4107
  3.1780,  3.2007
  1.2370,  1.2134
  4.1070,  4.0932
  4.8900,  5.0270
 13.5100, 13.0590
  1.6860,  1.6319
  0.5080,  0.5266
  1.6130,  1.5468
  1.9490,  1.9546
  2.1860,  2.1807
  1.3530,  1.4928
  1.1940,  1.2310
 13.2180, 13.9890
 14.9480, 14.5458
  1.9360,  1.9942
  3.8090,  3.6843
  2.2870,  2.1867
  3.4690,  3.4600
  1.5320,  1.6611
 10.5830, 10.4141
  0.3950,  0.4719
  0.9140,  0.9095
  0.6130,  0.6560
  2.6390,  2.6846
  0.8990,  0.9338
  2.5930,  2.7255
  0.9160,  0.9345
  0.8910,  0.9458
  0.7520,  0.8027
 16.3330, 15.7677
  0.7630,  0.7360
  1.0420,  1.0400
  1.5570,  1.5822
  3.5740,  3.6157
  0.7470,  0.8437
  1.5980,  1.6656
  8.6200,  8.5937
  2.0740,  1.9853
  0.6120,  0.6093
  1.6200,  1.7270
  2.6930,  2.6983
  0.5720,  0.5947
  0.9430,  0.9473
  3.2480,  3.1596
  0.9380,  0.9163
  6.0590,  5.8769
  1.5730,  1.6508
  1.6750,  1.6224
  1.2460,  1.2729
  1.4630,  1.4816
  0.6760,  0.7390
  1.1890,  1.2715
  1.0660,  1.0087
  2.1570,  2.2041
  0.4120,  0.5161
  1.6380,  1.5960
  2.0440,  2.0318
  1.0820,  1.0712
  0.9520,  0.9487
 10.0060,  9.9536
  0.8970,  0.9746
  2.0900,  2.0794
  2.9030,  2.8142
  1.3880,  1.3604
  5.5220,  5.6304
  3.1220,  3.0187
  3.8750,  3.8688
  1.7780,  1.8022
  4.2680,  4.4050
  2.2450,  2.2198
  2.2900,  2.2091
  1.5430,  1.5934
  0.8470,  0.8722
  0.9610,  0.9982
 14.8000, 14.4943
  1.5670,  1.5738
  0.8260,  0.8569
  0.6580,  0.6724
  0.7500,  0.7462
  5.1950,  5.0965
  1.4520,  1.4514
  5.8080,  6.2457
  2.8970,  2.8494
 10.2790, 10.1787
  0.9010,  0.9256
  4.0480,  4.0263
  1.3320,  1.3724
  1.2940,  1.2964
  0.9590,  0.9810
  4.5790,  4.5634
  2.0750,  2.2867
  1.5570,  1.5894
  1.8620,  1.7934
  1.7250,  1.7870
  2.2450,  2.2461
  1.5240,  1.5940
  1.8030,  1.8486
  2.3540,  2.3982
  1.4020,  1.3992
  2.9160,  2.8215
  0.6150,  0.6311
  1.1750,  1.2173
  6.0940,  6.1288
  0.5040,  0.5580
  2.2370,  2.1701
  2.4410,  2.6152
  0.9820,  1.0234
 17.7470, 19.3915
  0.8000,  0.7744
  1.3020,  1.2560
  7.4910,  7.8503
  1.3050,  1.2391
  1.4700,  1.5204
  3.0750,  3.0238
  2.3490,  2.4353
  1.6750,  1.6768
  1.4940,  1.5203
  0.9790,  1.0097
  1.4540,  1.4344
  0.9300,  0.9710
  1.2610,  1.3502
  9.7070, 10.3227
  1.6950,  1.7545
  3.8950,  3.8047
  0.9050,  0.9409
  1.1050,  1.0912
  3.4480,  3.1946
  5.1260,  5.3260
  1.0760,  1.1240
  0.9500,  0.9725
  7.3660,  7.5565
  1.9670,  1.9092
  1.2820,  1.3420
  0.4320,  0.5272
  9.6310,  9.8550
 11.1840, 11.3341
  1.6430,  1.6736
  2.6750,  2.6142
  0.6000,  0.6362
  6.0330,  6.1245
  0.9230,  0.9675
  1.6910,  1.7076
  7.0920,  6.9101
  2.3260,  2.4710
 10.7350, 10.2206
  1.4020,  1.2588
  1.8950,  1.8688
  1.6560,  1.4976
  1.7480,  1.8122
  2.6500,  2.7554
  1.1130,  1.0707
  2.0140,  2.1135
  2.8960,  2.8372
  0.7620,  0.7585
  1.5630,  1.5011
  1.0780,  1.0822
  1.5460,  1.6193
  2.4020,  2.3661
  1.6700,  1.7944
  1.3520,  1.3048
  1.7450,  1.7893
  0.7650,  0.7465
  6.6390,  6.1567
  0.9340,  0.9899
  0.8670,  0.8510
  2.6140,  2.6215
  2.6890,  2.6527
  1.1330,  1.1795
  1.4620,  1.4162
  0.7240,  0.6960
  2.6250,  2.5796
  2.1870,  2.2423
  0.4930,  0.5669
  1.7870,  1.7913
  1.0260,  0.9962
  8.2010,  8.0619
  5.1090,  5.2113
  3.8970,  3.9899
 10.8320, 10.4983
  2.9880,  3.0439
  4.9170,  4.7941
  1.1270,  1.1732
  1.0250,  0.9897
  3.4270,  3.4346
  2.3100,  2.4287
  0.5920,  0.5914
  0.8680,  0.8559
  2.1550,  2.1623
 12.4300, 12.4913
  0.4610,  0.5141
  1.4820,  1.5731
  1.6070,  1.6445
  0.3930,  0.4916
  1.6780,  1.7046
  1.4310,  1.3599
  2.1880,  2.2138
  2.3920,  2.4164
  0.9080,  0.9282
  3.9860,  3.9328
  0.8040,  0.6853
  0.4140,  0.4768
  2.1650,  2.0846
 14.3720, 14.2976
  5.3340,  5.3177
  0.7060,  0.6713
  2.0960,  2.2078
  0.6720,  0.7385
  5.2740,  5.3116
  2.6320,  2.4720
  0.7810,  0.7843
  6.1230,  6.4595
  3.5270,  3.4764
  1.9660,  1.9212
  0.7430,  0.7713
  5.8100,  5.9876
  1.4010,  1.3193
  1.6180,  1.6213
 13.7830, 14.9589
  2.0700,  2.1305
  6.7030,  6.5987
  5.2000,  5.1551
  1.1170,  1.0983
  1.1140,  1.0765
  3.3340,  3.4917
  4.1450,  4.1853
  0.8560,  0.8493
  1.9110,  1.8887
  2.5810,  2.6177
  0.5420,  0.6285
  2.8830,  2.8312
  2.4820,  2.4040
  1.7520,  1.7951
  2.0360,  2.0844
  8.3950,  8.8120
  0.7330,  0.7906
  0.4380,  0.5123
  5.4960,  5.3686
  1.3390,  1.3420
  2.1770,  2.2267
  5.7160,  5.8875
  5.1160,  5.1417
  1.2450,  1.2283
  2.0970,  2.1419
  2.7100,  2.6833
  0.4210,  0.4995
  0.7230,  0.7625
  0.8050,  0.8347
  1.7590,  1.6982
  2.5400,  2.6684
  2.0000,  2.0328
  6.3280,  6.6832
  3.7060,  3.7144
  4.1420,  4.1270
  5.4770,  5.3389
  5.1620,  5.4850
 11.8350, 11.5846
  1.3490,  1.3537
  0.8150,  0.8365
  2.0690,  2.0737
  4.7150,  4.7517
  2.4770,  2.5989
  0.9280,  0.8669
  1.6570,  1.5953
  0.8280,  0.8717
  3.8970,  3.8048
  1.0160,  1.0645
 13.3990, 13.3969
  1.3400,  1.3404
  3.4670,  3.4718
  4.1940,  4.4376
  4.9960,  4.8812
 10.9240, 11.4323
  0.9040,  0.9391
  3.4420,  3.5389
  4.2610,  4.4440
  1.9400,  1.9608
  1.1820,  1.2140
  1.2270,  1.2177
  4.5660,  4.6986
  1.8900,  1.8664
  0.9820,  1.0014
  4.9020,  4.8392
  1.1870,  1.2268
  0.6000,  0.6245
  3.5060,  3.3424
  2.9790,  2.9997
  1.0990,  1.1643
  2.6590,  2.5342
  0.6020,  0.5854
  1.1690,  1.1398
  4.9120,  5.1947
  1.1570,  1.2011
  3.2000,  3.3246
  1.7980,  1.7663
  4.6120,  4.5718
  3.5300,  3.4902
  0.4200,  0.4942
  3.9610,  3.9566
  1.0740,  1.0421
  0.7010,  0.7602
  3.6350,  3.3647
  0.8860,  0.8838
  0.6050,  0.6460
  1.1270,  1.1337
  1.2190,  1.2606
  0.5790,  0.5982
  1.5680,  1.5609
  1.0670,  0.9702
  5.9200,  5.9502
  2.3650,  2.4006
  0.8960,  0.9096
  0.7150,  0.7302
  1.0400,  1.0594
  2.0060,  2.0752
  1.4680,  1.4526
  0.5160,  0.5384
  3.8400,  3.9319
  1.1710,  1.2233
  1.3580,  1.3532
  0.8130,  0.8068
  1.4390,  1.4595
  2.0190,  1.9856
  0.9530,  0.9894
  0.8160,  0.8033
  1.9650,  1.9841
  0.7900,  0.8002
  0.6920,  0.6993
  3.8990,  3.9482
  3.1370,  3.2036
 13.8240, 13.9057
  1.1690,  1.1927
  2.8450,  2.8966
  4.4560,  4.4513
  0.6420,  0.6827
  4.2060,  4.1429
  1.6960,  1.7051
  0.9240,  1.0022
  0.6900,  0.7600
  1.4570,  1.5662
  5.0870,  4.9974
  3.9210,  3.8795
  2.3720,  2.4527
  1.2820,  1.3449
  1.8640,  1.8086
  1.5220,  1.5656
  0.8330,  0.8251
  1.3140,  1.2448
  1.4210,  1.3137
  1.4600,  1.4899
  2.2710,  2.3772
  1.2410,  1.2774
  4.3420,  4.3609
  3.1270,  2.7521
  2.1190,  2.2510
  1.4430,  1.5239
  1.4730,  1.4260
  5.2730,  4.9427
  2.9700,  3.0965
  1.7260,  1.7710
  1.3790,  1.3217
  5.1080,  5.1231
  0.7700,  0.7684
  4.2570,  4.3138
  5.3840,  5.1438
  2.7710,  2.8187
  3.1640,  3.1856
  1.9030,  1.8806
  1.3410,  1.4957
  0.9330,  0.9758
  1.9370,  2.0712
  1.9370,  1.8551
  6.2510,  6.2410
  2.4680,  2.2645
  3.2000,  3.1134
  0.7430,  0.7663
  3.3730,  3.5713
  3.7930,  3.7615
  4.5840,  4.7522
  3.0230,  2.9211
  0.9580,  0.9817
  1.4250,  1.4066
  0.3660,  0.4667
  2.8370,  2.8176
  3.1300,  3.0994
  1.3210,  1.2576
  3.0450,  3.0331
  7.4280,  7.4624
  1.8130,  1.8748
  1.3370,  1.3860
  2.3980,  2.4143
  0.6730,  0.6956
  1.5460,  1.5803
  2.0390,  2.0450
  0.6040,  0.6234
 10.3940, 10.0632
  3.2500,  3.1774
  1.8940,  1.9479
  6.9690,  7.2448
 10.1330,  9.8716
 11.8940, 11.9481
  0.4360,  0.4767
  2.9790,  2.9697
  1.3830,  1.3216
  1.3270,  1.3428
  2.1380,  2.1943
  1.7740,  1.8341
  4.6480,  4.6580
  1.0140,  1.0989
  1.9790,  1.9570
  1.0710,  1.1255
  1.9200,  1.8697
  2.7010,  2.8245
  2.1060,  2.0284
  1.8940,  1.9337
  1.2100,  1.2087
  7.9700,  8.1025
  2.7840,  2.9224
 18.2930, 17.9357
  1.1630,  1.1759
  9.1380,  9.3784
  3.6220,  3.6530
  2.4480,  2.4507
  1.9380,  1.9315
  1.0430,  1.0922
  1.0680,  1.1616
  1.0470,  1.0655
  0.9640,  1.0332
  0.7330,  0.6862
  1.0260,  1.0496
  5.1180,  4.9423
  1.3120,  1.3330
  1.2050,  1.2417
  4.4240,  4.6395
  2.8530,  2.8906
  2.3710,  2.4111
  2.3470,  2.3293
  5.7460,  5.4831
  0.9860,  1.0060
  2.1370,  2.0843
  0.7570,  0.8223
  2.0070,  1.9672
  5.2190,  5.1070
  3.2520,  3.2402
  1.5560,  1.5827
 10.2400,  9.4013
  2.0710,  2.0358
  8.1430,  8.0499
  2.0720,  2.0672
  8.0220,  7.9113
  0.9300,  0.8740
  3.1790,  3.1798
  1.9220,  1.9827
  1.4760,  1.4298
  3.0980,  3.1709
  5.0430,  4.8611
  1.3040,  1.3134
  4.4250,  4.7555
  1.1980,  1.2069
  0.9830,  1.0133
  1.1230,  1.1154
  7.4840,  7.6310
  2.5680,  2.5671
  0.7010,  0.7476
 15.8270, 15.7194
  0.7300,  0.7468
  2.3520,  2.3465
  2.0270,  2.0636
  8.2730,  8.4803
  1.6670,  1.5618
  1.8960,  1.9311
  3.4250,  3.4537
  0.8850,  0.9209
  1.3610,  1.3247
  1.0140,  1.0148
  0.4870,  0.5335
  1.6140,  1.5243
  3.1460,  3.2285
  0.8600,  0.8808
  7.6870,  7.3792
  1.5390,  1.5974
  2.2190,  2.2356
  0.8680,  0.9044
  1.4850,  1.4873
  8.4100,  8.1734
  0.5650,  0.6036
  3.0010,  3.0484
  4.4080,  4.3693
  0.8690,  0.8465
  1.4590,  1.4987
  1.3790,  1.3996
  1.4550,  1.3721
  7.7280,  7.6188
  1.6460,  1.7604
  3.1140,  3.0866
  2.2370,  2.1881
  9.3920,  9.9500
  1.3180,  1.3254
  1.1060,  1.1209
  0.8510,  0.8808
  2.5040,  2.5797
  2.5190,  2.5382
  8.2540,  8.3760
  0.5420,  0.6065
  0.5430,  0.6002
  1.5680,  1.6585
  1.1230,  1.1187
  1.7280,  1.7567
  2.5910,  2.5104
  1.0870,  1.1008
  0.5430,  0.5404
  4.1960,  4.4079
  1.0840,  1.0593
  1.8850,  1.8949
  0.3890,  0.4524
  1.4270,  1.4931
  1.3450,  1.3418
  0.4300,  0.4868
  7.8900,  8.0289
  3.1240,  3.1845
  1.4430,  1.4461
  2.7220,  2.6828
  3.9270,  4.2481
  2.1270,  2.1227
  1.4250,  1.4369
  2.1690,  2.1125
  6.4000,  6.4370
  1.2320,  1.2902
  1.1580,  1.1236
  2.9020,  2.8011
  1.1420,  1.1799
  6.9970,  7.0066
  0.8500,  0.8725
  3.4000,  3.3235
  6.8210,  6.4079
  1.1470,  1.1358
  1.7960,  1.9309
  0.8070,  0.8449
  2.1470,  2.1663
  0.4740,  0.5270
  1.1490,  1.1207
  1.4790,  1.4302
  1.9700,  1.9265
  1.0990,  1.0497
  0.7520,  0.8113
  1.8990,  1.8852
  7.7910,  8.8830
  2.4090,  2.5631
  0.4650,  0.4991
  8.5660,  8.3048
  2.5830,  2.3515
  5.8210,  5.6443
  7.8130,  8.0870
  1.1430,  1.1089
  1.2400,  1.2161
  2.4340,  2.5647
  5.4710,  5.3104
 11.9540, 12.4437
  0.6430,  0.5806
  1.6650,  1.7244
  0.7160,  0.7385
  3.8140,  3.9529
  1.9200,  1.8998
  2.1980,  2.0688
  2.7940,  2.7889
  1.9140,  2.0753
  4.2220,  4.0158
  3.8830,  4.1133
  3.6050,  3.5905
  0.4010,  0.5076
  4.0270,  3.7893
  1.5970,  1.5698
  1.6230,  1.5434
  1.5410,  1.5193
  2.1740,  2.2666
  3.7780,  3.8172
  0.8910,  0.9119
  6.4130,  6.5548
  2.9770,  2.9186
  0.4890,  0.5390
  1.3450,  1.3420
  2.4560,  2.4207
  2.7180,  2.7059
 10.0850,  9.9934
  1.0390,  1.1180
  1.2740,  1.2782
  1.4250,  1.4349
  3.7540,  3.7843
  7.1100,  6.8351
  2.1880,  2.3008
  1.5460,  1.5656
  2.1180,  1.9287
  3.8840,  4.0166
  0.9640,  0.9925
  1.3130,  1.1954
  7.5830,  7.6979
  1.2140,  1.2482
  2.3500,  2.2016
  1.4950,  1.4719
  3.8710,  3.7471
  8.3980,  7.9752
  3.9760,  3.8765
  0.5170,  0.6140
  1.2060,  1.2209
  3.2400,  3.2738
  9.5600,  9.5890
  2.6530,  2.7727
  1.1050,  1.1577
  3.1100,  3.2453
  0.8030,  0.8663
  1.3680,  1.3433
  2.8600,  2.7854
  1.3300,  1.4008
  4.3350,  4.4488
  6.2620,  6.1411
  2.1140,  2.1184
  3.0690,  3.0235
  2.7290,  2.7055
  1.1460,  0.9944
  0.7500,  0.7728
  5.5550,  5.6257
  1.8560,  1.7955
  0.7460,  0.7618
  5.8250,  6.0430
  0.6470,  0.6266
  2.2920,  2.1701
  8.5780,  8.2034
  1.5830,  1.5888
  0.8040,  0.8076
  0.6820,  0.7182
  0.7790,  0.7843
  3.2060,  3.1510
 10.2880,  9.2354
  3.7190,  3.8133
  2.8930,  2.8771
  3.1890,  3.2156
 15.8770, 15.6721
  2.1820,  2.1713
  3.5010,  3.5397
  1.4550,  1.3935
  2.8970,  3.0629
  8.3860,  8.2454
  0.7160,  0.7028
  1.5210,  1.4903
  4.4360,  4.5050
  1.9460,  1.8976
  1.5990,  1.5850
  1.7760,  1.6998
  1.0550,  1.0728
  3.8580,  3.6591
  1.3670,  1.5088
  3.6320,  3.6616
  0.7190,  0.7663
  5.5980,  5.5041
  0.8500,  0.8681
  1.7560,  1.7688
  0.8370,  0.8382
  6.5850,  6.5294
  3.9320,  4.0084
  9.4280,  9.4134
  4.7610,  4.6613
 17.9370, 18.5493
  0.8160,  0.7541
  2.9970,  3.0101
  2.2300,  2.2433
  0.9190,  0.8496
  5.9960,  6.0729
  0.9230,  0.9914
  1.1700,  1.1417
  3.4270,  3.4197
  3.9000,  3.7531
  1.5810,  1.5586
  0.6960,  0.7347
  1.0590,  1.1428
  0.9520,  0.9716
  1.5010,  1.5465
  1.1130,  1.0879
  4.8910,  4.5689
  7.2260,  7.0724
  1.2330,  1.3196
  8.7300,  8.7039
  3.0680,  3.0795
  8.4400,  8.6199
  6.2670,  6.2907
 13.8550, 15.0004
  1.0450,  1.0800
  3.4400,  3.4397
  2.1310,  2.4085
  2.4760,  2.5297
  2.9770,  2.9743
  0.7960,  0.8662
  3.1160,  3.2994
  0.6440,  0.6231
  4.9460,  5.1436
  5.6100,  5.7088
  4.3260,  4.3143
  2.1770,  2.1540
  2.4240,  2.3876
  1.2680,  1.3067
  1.1420,  1.1007
  2.2850,  2.2682
  2.6690,  2.6718
  2.7910,  2.7198
  0.9070,  0.9497
  0.7940,  0.8251
  2.9820,  2.8687
  1.9310,  1.9651
  0.7650,  0.8081
  1.2690,  1.2713
  2.0540,  2.0218
  5.1090,  5.1234
  1.5660,  1.5554
  5.4840,  5.5889
  0.9280,  0.8689
  1.3720,  1.3141
  0.6350,  0.6520
  0.4950,  0.5809
  1.0530,  1.1321
  0.6850,  0.7072
  2.2120,  2.3139
  6.0160,  6.1884
  1.0930,  1.1039
  1.2990,  1.2505
  1.1550,  1.1209
  0.4790,  0.5547
  2.7650,  2.7008
  5.0480,  4.9982
  1.1770,  1.2173
  1.8500,  1.8605
  2.0300,  2.0496
  0.6410,  0.6993
  1.4040,  1.4682
  2.0840,  2.1008
  2.7560,  2.8089
  0.6100,  0.6470
  3.0540,  3.0782
  2.0830,  2.0829
  1.7280,  1.7704
  2.6240,  2.5053
  1.0960,  1.0645
  0.8390,  0.8777
  3.9910,  3.8720
  0.4000,  0.4675
  1.9580,  1.9547
  0.4570,  0.4901
  1.6630,  1.6645
  2.4050,  2.2537
  5.2070,  5.1537
  4.4580,  4.4690
  0.4220,  0.5275
  2.2150,  2.2151
  3.0360,  3.0987
  1.1470,  1.1427
  0.8460,  0.8911
  2.0680,  1.8959
  1.2570,  1.2476
  1.3020,  1.3534
  1.6760,  1.7181
