  0.7180,  0.7132
  2.7870,  2.7266
  3.6550,  3.6471
  0.7520,  0.7554
  1.9180,  1.9637
  1.9280,  1.9765
  0.8860,  0.9388
  4.0070,  3.8728
  1.7270,  1.7824
  3.6530,  3.5294
  1.8710,  1.8903
  2.9620,  2.9318
  1.5720,  1.6173
  1.8690,  1.9582
  1.4980,  1.4823
  2.9270,  2.8596
  1.8820,  1.8449
  1.9830,  1.9688
  2.2170,  2.2169
  4.2150,  4.3579
  1.8200,  1.7236
  0.5720,  0.6074
  2.2320,  2.3249
  2.5460,  2.7631
  2.0450,  2.0622
  1.1180,  1.1327
 11.3060, 11.7928
 11.8850, 11.9131
  2.5930,  2.6766
  3.0120,  2.9648
  2.1040,  2.1018
  2.6600,  2.6179
  0.8380,  0.8710
  2.2840,  2.3307
  1.0410,  1.0415
 12.9320, 12.9175
  1.1770,  1.1582
  0.6410,  0.6732
  3.0270,  3.0117
  5.7290,  5.9145
 11.2990, 11.2001
  0.6560,  0.6469
  1.4880,  1.5851
  2.8560,  2.8025
  0.6110,  0.6702
  1.7920,  1.9377
  1.0250,  1.0421
  2.6670,  2.5240
  2.5170,  2.4672
  2.1600,  2.0917
  1.7800,  1.7265
  0.6070,  0.6453
  3.5570,  3.3473
  2.1760,  2.0979
  6.2890,  6.0725
  0.8350,  0.8311
  2.1600,  2.2039
 14.9850, 15.2761
  0.8500,  0.8847
  1.3220,  1.1076
  3.8640,  3.8393
  1.2240,  1.1864
  1.3530,  1.3790
  0.6680,  0.6774
  0.4240,  0.4664
  0.5390,  0.5804
  2.1820,  1.7128
  5.4720,  5.0858
  2.7500,  2.5953
  2.0930,  2.0316
  0.7320,  0.7633
  0.5650,  0.5943
  0.5410,  0.5614
  7.9250,  8.2698
  0.5190,  0.6004
 12.4780, 13.0750
  3.3190,  3.2015
  2.6910,  2.5440
  0.4000,  0.4714
  1.5830,  1.5832
  1.5420,  1.5645
  0.6950,  0.7535
  0.6340,  0.6416
  0.7840,  0.7951
  1.0990,  1.1083
  1.7090,  1.7068
  1.7410,  1.7300
  4.2760,  4.3843
  0.7920,  0.8607
  7.0020,  6.8066
  1.2550,  1.2070
 16.2950, 17.7991
  1.1970,  1.2763
  6.2890,  6.0419
  0.7190,  0.7506
  2.7440,  2.5946
  2.2520,  2.3295
  1.7730,  1.6756
  1.9610,  1.9474
  2.1630,  2.1737
  3.7700,  3.8388
  0.4530,  0.5139
  1.2750,  1.3089
  3.2540,  3.3404
  1.1330,  1.1898
  3.9850,  4.0295
  3.3750,  3.5180
  1.1210,  1.1473
  2.7050,  2.7201
  3.0980,  3.0857
  1.1760,  1.1797
 14.1060, 13.8489
  0.5010,  0.5413
  0.5080,  0.5330
  0.7830,  0.8286
  1.7880,  1.7734
 15.4920, 15.0447
  0.8020,  0.7359
  6.6240,  6.6772
  2.0780,  2.1481
  5.3720,  5.5504
  0.7660,  0.7579
  1.1740,  1.2000
  1.4310,  1.3606
  4.0420,  3.9107
  7.9600,  7.7856
  7.2780,  7.8515
  3.2150,  3.2913
  1.7820,  1.8357
  2.2750,  2.2316
  0.8390,  0.8002
  1.2650,  1.2763
  0.4010,  0.4831
  1.5150,  1.5726
  4.6470,  4.6325
  4.0350,  4.0832
  1.9980,  1.9259
  0.3930,  0.5108
  2.4530,  2.4251
  1.6410,  1.6690
  2.0130,  2.0140
  0.9090,  0.8952
  0.6740,  0.7435
  5.7240,  5.8057
  8.5260,  8.7868
  6.0800,  6.8889
  2.6210,  2.5622
  2.4130,  2.4021
  1.4260,  1.4676
 11.8130, 12.4863
  1.6510,  1.5900
  0.8820,  0.9473
  0.9800,  1.0465
  1.7450,  1.6396
  1.0610,  1.1015
 11.4710, 10.7863
  1.5390,  1.4993
  6.0570,  5.9217
  1.5580,  1.5016
  1.2540,  1.3367
  2.1990,  2.1128
 10.4450, 10.3928
  0.9300,  0.9195
  0.8660,  0.9720
  3.7440,  3.8928
  8.2030,  8.1234
  6.0970,  6.2325
  3.3030,  3.4815
 16.1760, 16.9822
  1.2490,  1.4302
 12.6830, 12.0556
  1.6820,  1.6603
  2.4340,  2.4413
  4.2650,  4.1361
  2.5290,  2.5221
  2.3090,  2.4950
  1.9820,  1.9631
  0.9550,  0.9968
  0.6510,  0.6641
  1.1110,  1.1398
  1.2390,  1.2273
  1.7840,  1.7951
  8.6430,  8.7934
  3.1040,  3.2807
  1.3920,  1.4696
  1.0950,  1.1370
  3.8370,  4.0271
  3.4570,  3.4652
  1.2960,  1.3944
  5.1730,  5.0587
  1.3320,  1.3417
  1.2310,  1.3010
  0.7440,  0.7409
  3.0500,  3.0887
  1.3350,  1.3915
  1.5490,  1.4829
  3.9530,  3.8892
  1.9090,  1.9878
  0.8090,  0.8373
  0.9100,  0.8732
  0.9370,  0.9913
  1.3010,  1.3780
  1.4140,  1.3276
  1.5150,  1.6519
  1.0140,  1.0053
  0.9750,  1.0161
  2.2670,  2.1953
  1.2590,  1.3050
  1.0610,  1.1179
  8.6670,  8.3890
  2.9720,  2.9290
  2.0160,  1.9939
  8.4040,  7.9939
  3.8240,  3.9289
  1.4840,  1.3999
  7.4260,  7.5602
  1.1710,  1.2445
  1.4750,  1.4554
  6.5530,  6.4424
  0.8230,  0.8484
  0.9180,  0.9780
  1.4430,  1.4784
  5.4510,  4.9902
  1.7080,  1.7274
  1.7260,  1.7638
  0.6240,  0.5683
  3.0500,  3.0654
  0.9390,  0.9639
  6.1380,  6.2070
  0.8760,  0.9263
  1.1780,  1.1829
  1.2450,  1.2254
  1.6710,  1.6782
  0.6720,  0.7708
  1.0240,  1.0288
  5.5260,  5.5188
  1.5820,  1.5486
  0.8780,  0.8526
  4.7310,  4.7854
  3.0690,  3.1397
  4.6100,  5.2119
  5.4330,  5.0548
  2.3630,  2.3789
 12.0180, 11.8724
  1.6770,  1.6585
  3.2730,  3.2153
  2.5210,  2.4508
  7.8630,  7.7217
  2.9770,  3.1510
  3.0540,  3.0835
  2.7240,  2.6538
  1.1380,  1.2320
  1.3990,  1.4360
  1.9580,  1.9985
  1.2400,  1.2344
 19.4410, 19.7020
  1.0360,  1.0874
  1.9250,  1.9339
  1.2380,  1.2335
  0.9750,  1.0056
  2.2650,  2.2722
 10.6770, 10.5831
  4.1970,  4.2640
 10.8600, 10.8432
  3.1370,  3.1958
 17.4970, 17.2243
  4.6040,  4.7495
  6.3830,  6.2580
  1.1620,  1.1684
  0.5060,  0.6169
  8.4450,  8.4828
  0.7190,  0.7096
  0.9500,  0.9983
  2.4010,  2.3860
  2.4870,  2.4550
  2.0930,  2.1401
  1.8310,  1.8084
  1.2400,  1.2372
  1.9160,  1.9198
  2.9590,  2.9995
  3.5380,  3.5911
  5.8710,  5.5403
  6.5060,  6.7140
  0.8580,  0.8807
 12.1970, 10.8735
  3.1780,  3.2476
  2.8650,  2.6286
  6.2300,  6.2901
  1.1740,  1.1449
  3.1430,  3.0107
  1.1750,  1.1568
  3.3910,  3.2760
  3.9120,  4.0250
  1.5780,  1.5684
  3.2630,  3.3776
  3.8750,  4.0012
  0.8370,  0.8731
  1.8560,  1.8303
  2.1860,  2.0683
  7.5740,  6.9406
  0.7890,  0.8066
  1.8050,  1.6558
  4.6810,  4.7359
  5.8730,  6.1174
  1.3480,  1.3827
  5.3030,  5.3417
  2.2030,  2.2152
  3.5900,  3.5436
  2.9460,  3.0007
  2.7490,  3.1902
  1.0210,  1.0345
  3.3410,  3.5069
  6.1830,  6.4373
  2.6760,  2.6229
  2.1720,  2.1182
  1.3890,  1.3247
  4.0820,  4.0584
  2.1530,  2.1848
  2.7960,  2.9485
  3.1580,  3.1438
  1.3100,  1.3903
  1.6060,  1.4848
  0.8760,  0.9083
  1.0590,  1.0970
  8.7000,  8.6417
  1.8960,  2.0633
  5.0660,  4.9549
  5.2610,  5.2461
  0.6900,  0.7524
  0.7620,  0.7760
  0.7610,  0.7306
  4.2500,  4.5054
  2.8690,  2.9528
  1.0590,  1.0743
  1.0500,  1.0801
  1.0720,  1.0912
  5.0660,  5.0353
  0.9140,  0.9193
  0.7470,  0.7654
  6.9420,  7.1013
  1.1950,  1.1939
  2.0710,  2.0910
 10.8380, 10.7178
  0.8750,  0.8037
  4.8880,  4.8517
  0.3870,  0.5111
  1.4060,  1.4862
  0.5150,  0.5355
  4.0750,  3.9793
  6.7660,  6.7064
  1.6330,  1.6777
  0.8740,  0.8399
  0.5730,  0.6455
  2.2890,  2.2997
  0.5560,  0.6266
  2.8100,  2.8806
  1.9790,  1.9020
  1.4460,  1.4566
  0.6640,  0.6483
  3.1370,  3.1269
  1.0090,  1.0923
  2.0970,  2.1725
 13.3110, 12.2316
  3.3160,  3.1134
  1.9710,  1.8927
  1.5510,  1.6031
  1.0690,  1.0993
  1.5140,  1.4487
  2.1620,  2.2480
  1.4640,  1.5233
  1.1760,  1.2198
  2.7280,  2.7121
  1.2050,  1.2160
  0.5990,  0.6513
  1.6060,  1.5389
  0.7000,  0.6575
  0.5370,  0.5626
  2.9570,  2.9935
  2.4090,  2.4435
  6.4360,  6.2933
  7.8330,  8.3985
  1.6410,  1.6517
  0.7790,  0.8242
  0.8080,  0.8395
  1.9680,  2.0079
  1.3890,  1.4384
  2.2120,  2.3128
  4.2970,  4.3304
  1.1720,  1.1284
  1.7120,  1.6908
  2.8770,  2.9621
  6.0430,  6.2969
 12.9080, 12.6793
  8.1030,  8.0767
  1.9790,  1.9751
  1.1480,  1.1783
  0.7110,  0.6525
  2.9470,  2.9660
 13.1830, 12.5029
 13.1510, 13.0178
  0.4690,  0.5582
  1.7930,  1.8394
  1.7280,  1.6547
  2.6440,  2.6141
  5.1750,  5.7276
  1.3110,  1.3101
  2.3190,  2.3323
  1.6960,  1.7524
  1.6440,  1.6612
  0.6940,  0.7015
  3.4600,  3.5351
  7.4460,  7.5332
  2.4660,  2.4682
  0.4080,  0.4709
  1.7930,  1.8428
  3.9680,  3.8398
  0.9000,  0.8580
  6.0940,  6.1668
  5.2480,  5.0336
  1.2900,  1.3223
  2.4780,  2.4009
  4.0410,  4.2033
  1.0200,  0.9335
  1.4590,  1.4941
  4.5360,  4.8655
  2.7810,  2.7412
  2.0220,  2.0518
  5.0090,  5.0387
  2.2030,  2.0432
  1.2310,  1.2182
  2.7510,  2.6405
 11.4180, 11.2561
  1.2690,  1.3007
  3.0060,  2.9213
  1.1240,  1.1167
  8.5580,  8.5358
  2.6400,  2.7384
  9.4970, 11.1412
  1.9790,  2.0067
  0.9010,  0.9286
  4.7940,  4.8706
  3.0710,  2.9119
  1.6310,  1.5938
 10.8670, 10.0928
  1.5070,  1.6424
  5.0550,  5.2045
  3.4360,  3.4408
  0.6990,  0.7262
  5.2620,  5.4192
  0.8750,  0.8398
  1.7480,  1.7700
  0.7420,  0.7623
 10.9190, 10.4992
  1.8260,  1.8334
  2.9160,  2.7905
  3.2500,  3.3473
  0.6970,  0.7466
  0.9450,  0.9206
  1.5320,  1.4558
  2.7450,  2.8886
  2.0420,  2.0934
  0.7500,  0.7860
  1.0040,  1.0076
  1.4760,  1.5412
  0.4430,  0.5612
  5.5000,  5.8070
  4.6000,  4.7281
  1.6240,  1.6184
  1.1400,  1.1509
  3.1830,  3.1800
  0.9640,  0.9708
  0.6450,  0.6492
  1.6070,  1.6052
  1.7510,  1.7661
  4.9410,  5.1168
  6.1130,  5.9942
  2.0000,  1.9678
  1.8600,  1.9421
  2.8840,  3.0013
  1.9830,  1.9855
  0.7790,  0.7481
  3.7540,  3.8877
  5.3840,  5.5429
  5.1720,  5.1833
  2.8730,  2.8805
  4.6000,  4.2777
  3.3740,  3.4497
  2.5410,  2.4923
  2.7460,  2.5936
  6.5780,  6.3714
  1.8360,  1.9373
  1.7140,  1.6804
  1.6470,  1.8317
  1.1230,  1.0984
  1.5570,  1.7178
  3.1130,  3.0292
  2.1550,  2.0979
  2.2150,  2.2237
  1.7640,  1.7732
  0.8960,  0.8543
  6.3610,  6.4711
  0.6970,  0.6600
  1.8520,  1.7740
  4.3980,  4.5365
  0.9900,  1.0030
  1.0180,  1.0734
  3.2780,  3.3284
  0.8500,  0.8991
 14.1460, 14.4149
  1.9920,  2.0541
  9.8730, 10.4829
  1.3030,  1.2449
  1.7710,  1.7272
  1.6760,  1.6298
  1.5110,  1.6220
  0.8850,  0.9266
  2.0520,  2.0860
  6.4470,  6.6726
  0.5970,  0.5907
  4.3800,  4.3457
  5.0260,  5.1241
  1.9170,  1.9702
  2.5910,  2.5652
  6.9160,  7.1430
  6.3350,  6.1551
  0.7410,  0.7536
  5.2260,  5.0537
  1.9900,  2.1479
  0.5120,  0.5597
  0.8440,  0.9072
  3.5200,  3.5302
  4.1920,  4.1200
  4.3880,  4.2999
  0.4160,  0.4907
  0.8970,  0.9722
  5.0170,  5.4758
  5.7200,  5.7259
  1.7510,  1.7817
  0.7030,  0.7109
  1.6840,  1.7694
  1.7740,  1.7279
  0.7060,  0.7634
  2.9410,  2.9412
  6.1010,  5.9626
  1.5160,  1.5519
  5.4380,  5.6430
  9.7740, 10.4768
  2.7470,  2.9017
  1.6720,  1.7137
  1.4820,  1.4120
  4.1090,  4.1163
  0.9570,  0.9134
  5.6410,  5.7453
  3.6590,  3.7837
  1.4000,  1.4231
  2.0210,  1.9230
  3.1680,  3.1836
  2.8770,  2.8536
  1.0230,  1.0470
  4.4270,  4.5130
  0.9570,  0.9977
  0.6860,  0.6981
  1.2040,  1.1437
  5.4000,  5.5571
  1.4010,  1.4383
  3.3510,  3.4664
  1.7870,  1.7652
  2.0760,  2.0831
  1.2030,  1.2277
  2.5780,  2.5985
  0.9830,  1.0476
  1.4520,  1.5522
  2.4000,  2.4922
  1.6890,  1.7206
  1.0880,  1.1288
  0.9900,  0.9953
  1.2070,  1.1350
  2.4700,  2.5789
  0.6980,  0.7451
  1.0890,  1.1353
  2.1440,  2.0442
  0.9090,  0.8892
  2.0100,  2.0707
  2.1720,  2.1449
  1.8210,  1.8174
  2.8250,  2.8093
  4.4940,  4.7027
  1.3400,  1.3655
  1.0640,  1.0717
  0.7500,  0.7717
  2.6990,  2.6811
  0.5180,  0.5575
  8.7770,  9.3694
  2.1710,  2.1377
  2.0380,  2.0607
  1.0290,  1.0686
  3.2550,  3.2267
  1.2030,  1.1740
  0.9550,  0.9400
  0.8000,  0.8631
  4.8300,  4.8550
  2.4780,  2.6350
  2.2560,  2.3164
  1.0460,  1.0627
  0.5810,  0.6396
  2.7890,  2.8486
  1.8270,  1.8595
  7.1370,  6.9771
  3.3280,  3.2828
  3.0240,  3.0640
  9.3470,  8.9384
  4.5430,  4.3629
  0.7490,  0.7625
  1.2790,  1.2659
  1.2300,  1.3217
  1.3400,  1.3446
  2.7850,  2.8302
  2.5290,  2.5734
  0.5750,  0.5898
  1.4070,  1.3414
  6.0010,  6.1247
  1.2880,  1.2095
  2.1200,  2.1081
  1.5940,  1.6377
  1.3980,  1.3983
  0.7810,  0.7066
  1.5950,  1.5996
  2.3310,  2.2922
  2.3150,  2.3503
  1.6220,  1.6580
  1.9590,  1.9488
  0.6310,  0.7012
  3.7480,  3.6707
  1.7510,  1.7164
  1.5600,  1.5643
  1.1550,  1.1788
  1.5060,  1.4237
  1.1900,  1.1829
  6.0760,  6.2155
 10.8030, 11.1616
  0.8460,  0.9044
  0.6470,  0.6638
  6.6870,  7.0515
  1.1620,  1.1222
  4.7010,  4.7216
  2.0430,  2.0582
  3.0030,  3.0508
  2.0680,  2.0057
  5.2420,  5.4390
  4.3200,  4.5488
  1.6120,  1.6644
  2.2860,  2.2815
  0.3750,  0.4815
  3.2810,  3.2070
  1.3430,  1.3683
  1.3690,  1.4082
  0.9250,  0.9329
  3.4960,  3.6434
  0.7720,  0.7356
  0.8330,  0.8470
  0.9750,  1.0456
  5.1350,  5.1888
  0.7610,  0.7500
  0.9970,  1.0267
  2.0230,  1.9761
 15.6130, 16.0228
  5.1280,  5.4725
  1.1070,  1.1106
  3.2080,  3.2878
  1.3150,  1.2712
  0.8710,  0.8944
  1.7400,  1.8591
  1.1160,  1.1067
  0.6110,  0.6323
  5.4950,  5.5369
  1.7280,  1.7497
  0.6780,  0.7679
  0.5720,  0.5186
  0.4300,  0.4518
  1.0650,  1.1040
  1.4030,  1.4302
  2.2240,  2.2329
  2.4090,  2.3434
  1.4500,  1.4836
  2.4070,  2.2711
  1.0690,  1.0700
  4.6020,  4.6119
  2.5010,  2.5781
  7.1190,  6.9431
  2.2710,  2.3705
  3.1430,  2.9896
  8.8470,  8.6508
  1.4630,  1.4543
  0.5590,  0.6066
  7.1620,  7.1902
  1.5240,  1.4727
  2.4540,  2.3906
  3.5790,  3.7448
  0.8050,  0.8372
  1.0280,  1.0542
  4.8680,  4.9787
  1.5430,  1.4823
  1.5840,  1.5728
  4.4650,  4.5469
  1.6630,  1.6157
  4.5620,  4.8479
  0.9710,  0.9741
  1.4390,  1.4907
  1.1840,  1.1121
  1.0410,  1.0673
  1.3480,  1.4319
  4.7680,  4.9067
  1.0890,  1.1330
  0.7880,  0.7868
  1.8100,  1.5470
  0.5920,  0.5694
  2.3670,  2.2614
  1.1170,  1.1826
  0.7740,  0.8432
  3.8560,  3.7696
  2.8660,  2.8767
  1.5760,  1.5748
  1.1840,  1.1480
 10.2080, 10.5009
  0.9200,  0.8939
  1.1380,  1.1479
  1.0390,  1.0591
  2.1120,  2.1607
  1.7020,  1.6924
  6.5550,  6.7373
  1.1190,  1.0977
  0.4230,  0.4736
  0.5160,  0.5022
  1.6990,  1.7455
  1.3890,  1.4572
  2.3960,  2.3668
  1.2100,  1.2699
  5.3810,  5.4056
  1.7490,  1.7942
  3.6250,  3.7591
  1.1500,  1.1666
  2.3860,  2.3955
 10.8220, 10.7716
  0.9040,  0.8569
  1.5970,  1.5157
  0.9600,  0.9581
  1.0040,  0.9945
  6.2010,  6.0146
  4.6610,  4.7315
  0.4700,  0.5364
  2.4340,  2.3375
  2.7760,  2.8122
  3.2910,  3.3754
  0.8790,  0.8844
  4.6970,  4.6402
 14.6480, 14.8198
  0.5540,  0.5707
  1.4590,  1.5281
  9.3140,  9.2077
  3.4520,  3.4585
  1.4210,  1.4038
  0.7260,  0.7309
  0.8910,  0.8954
  1.1670,  1.2002
  4.1860,  4.2062
  1.1560,  1.1518
  1.8360,  1.8284
 11.1610, 11.1735
  2.3060,  2.3040
  3.4550,  3.6207
  2.2580,  2.1333
  1.4670,  1.4291
  0.5430,  0.5735
  4.6850,  4.7098
  7.8020,  7.7512
  1.6670,  1.7101
  0.8920,  0.8832
  2.3300,  2.4899
 10.9850, 11.0738
  2.0830,  2.0220
  2.2180,  2.2108
  2.1870,  2.2803
  1.4270,  1.5066
  0.9340,  0.9417
  0.4510,  0.4692
  1.8920,  1.8710
 14.2630, 14.5895
  0.8370,  0.8375
  1.6430,  1.6543
  1.5080,  1.5693
  0.9460,  0.9718
  0.5980,  0.6115
  2.1170,  2.1871
  0.4290,  0.5199
  0.9830,  1.0134
  2.1210,  2.1452
  1.0010,  1.0795
  1.8840,  2.4828
  3.7750,  3.9121
 15.5250, 15.5907
 18.2740, 17.7276
  1.6110,  1.5961
  1.7680,  1.7521
  3.5370,  3.3940
  7.3230,  7.3808
  3.4370,  3.4992
  2.9680,  3.0455
  1.3890,  1.4771
  0.9690,  1.0656
  6.7600,  6.9890
  4.9320,  4.8643
  1.6520,  1.6348
  0.5820,  0.5995
  0.7910,  0.8183
  0.8620,  0.9362
 11.9160, 11.3539
  1.1280,  1.1900
  3.1830,  3.4666
  5.6050,  5.3899
  0.4260,  0.4786
  2.1010,  2.0429
  1.9480,  1.7488
  0.8540,  0.9094
  4.1880,  4.0019
  1.1990,  1.1638
 11.0710, 11.3024
  0.5000,  0.5393
  1.7800,  1.6501
  0.8180,  0.8056
 11.2770, 10.7019
  0.5730,  0.5837
  0.4080,  0.4849
  1.5180,  1.4915
 13.7330, 12.5230
 19.8890, 17.0321
  0.7480,  0.7785
  4.5080,  4.4965
  0.5380,  0.5977
  2.5340,  2.6286
  2.2600,  2.2335
  0.7790,  0.7676
  6.6190,  6.5561
  0.7000,  0.7171
 18.1040, 17.1407
  1.7010,  1.7783
  3.4270,  3.5041
  5.7080,  5.6483
  3.6450,  3.6881
  1.7160,  1.7425
  2.2630,  2.3473
  1.4420,  1.4568
  2.1850,  2.1445
  3.3430,  3.3844
  1.3240,  1.3474
  1.8410,  1.9159
  1.3350,  1.3481
  0.9850,  1.0053
 18.9230, 19.0221
  1.7530,  1.8526
  1.9370,  1.8452
  0.9790,  0.9416
  0.7940,  0.7997
  3.4570,  3.3502
  1.4310,  1.5434
  1.2750,  1.2372
  0.8030,  0.8284
  1.7340,  1.7700
  1.9480,  1.9807
  0.7140,  0.7166
  0.7870,  0.7911
  0.4780,  0.5177
 18.6210, 18.3482
  4.2410,  3.9978
  1.5060,  1.4691
  1.9810,  1.9585
  1.2060,  1.1825
  4.0190,  3.9194
  1.4100,  1.4832
  1.3960,  1.4006
  0.8650,  0.8922
 11.1900, 10.8903
  2.2710,  2.3732
  0.3990,  0.4605
  3.2970,  3.2315
  0.3300,  0.4596
  1.1930,  1.2679
  1.7730,  1.7147
 15.3080, 14.0800
  8.6900,  8.4753
  1.2310,  1.2160
  0.6860,  0.6953
  4.1870,  4.0386
  1.8990,  1.9609
  3.6960,  3.5131
  1.9990,  2.0451
  0.4790,  0.5318
  1.4200,  1.4348
  0.9930,  1.0257
  3.4170,  3.4670
  6.8870,  8.0403
  0.8030,  0.7679
  1.1050,  1.1370
  1.0650,  1.0848
  5.5440,  5.7165
  1.4540,  1.5143
  4.4790,  4.4943
  3.3350,  3.3781
  3.1730,  3.1990
  6.3790,  6.7142
  4.7460,  4.5313
  2.9400,  2.8812
  1.1640,  1.2154
  3.4370,  3.4962
  1.9680,  1.9259
  1.2280,  1.2038
  2.1480,  2.1721
  2.5130,  2.5293
  1.7350,  1.7169
  5.6300,  5.6057
  2.4930,  2.4683
  3.9530,  3.9664
  0.7180,  0.7590
  1.6910,  1.7555
  5.3660,  5.4368
  6.3940,  6.1962
  2.0630,  2.0418
  2.9280,  2.9755
  1.4630,  1.4967
  0.6670,  0.7388
  1.4610,  1.4590
  2.3350,  2.2352
  1.8740,  1.9010
  0.4950,  0.5649
  1.4870,  1.4909
  1.2480,  1.3674
  0.6850,  0.7037
  1.9850,  2.0355
  0.3870,  0.4583
  1.2990,  1.2773
  3.0590,  3.0105
  5.8600,  5.7632
  2.1620,  2.1469
  2.5550,  2.5389
  1.1300,  1.1242
  3.8820,  3.8614
  2.2160,  2.2485
  1.5240,  1.4560
  2.3290,  2.3196
  1.1160,  1.1599
  6.5100,  6.7062
  0.5650,  0.5861
  2.4310,  2.5210
  2.2610,  2.4043
  0.7390,  0.7656
  0.6110,  0.7026
  0.7910,  0.7750
  0.6040,  0.6493
  8.9370,  8.6449
  1.8290,  1.8281
  0.6780,  0.6712
  3.9740,  3.9644
  2.0550,  2.0595
  1.2710,  1.2913
  4.3100,  4.2506
  2.3410,  2.3041
  2.1710,  2.2234
  1.0830,  1.1412
  0.7510,  0.7497
  2.1230,  2.1298
  1.9290,  1.8551
  4.8140,  5.1124
  1.7790,  1.7552
  2.4320,  2.4424
  0.8310,  0.8601
  1.1990,  1.2449
  0.6290,  0.6499
  2.1720,  2.2345
  9.1360,  8.8738
  4.2880,  4.1911
  1.3450,  1.3600
  3.4500,  3.4686
  1.0460,  1.0306
  1.4280,  1.4217
  2.4560,  2.5776
  1.5470,  1.5612
  3.4130,  3.1924
  3.6650,  3.6635
  1.3760,  1.3935
  2.3930,  2.3113
  7.9870,  7.9888
  1.5540,  1.5464
  1.8710,  1.8009
  2.0840,  2.0868
  2.7630,  2.7344
  0.8420,  0.8497
  0.7990,  0.6163
  1.0300,  1.0608
  4.7650,  4.6080
  3.9450,  3.6929
  2.1000,  2.0684
  3.1770,  3.2318
  1.0860,  1.1196
  9.5490,  9.3104
  1.8050,  1.7013
  0.6370,  0.6359
  1.2020,  1.1346
  1.5960,  1.5295
  1.5180,  1.5091
  7.8680,  7.9892
 18.9260, 19.4868
  1.6000,  1.6406
  2.4490,  2.4960
 13.4810, 13.4056
  0.9260,  0.9470
  3.1520,  3.1159
  0.5770,  0.5674
  3.6900,  3.8930
  4.3200,  4.1825
  0.5640,  0.6204
  1.2880,  1.2846
  0.6640,  0.7082
  5.9420,  6.0672
  1.4800,  1.5427
  7.1340,  7.1066
  1.1580,  1.1650
  1.6950,  1.7074
  1.2810,  1.2556
  1.4520,  1.4302
  3.2200,  3.1047
  1.8510,  1.8378
  8.7360,  9.1140
  2.2330,  2.2761
  1.4550,  1.3920
  6.9330,  7.0367
  3.0940,  3.0878
  1.9070,  1.8134
  0.5980,  0.6244
  0.8060,  0.7946
  1.0880,  1.1157
  2.1260,  2.0779
 14.5060, 14.3023
  1.7040,  1.7301
  1.0670,  1.0275
  2.9650,  2.9071
  2.4280,  2.5040
  2.3410,  2.5252
  1.9080,  1.9851
 18.1420, 19.1786
  0.5650,  0.5941
  7.2450,  7.3382
 12.4120, 11.3316
  1.5470,  1.5240
  7.3650,  7.9018
  1.0780,  1.1137
 11.9710, 12.2682
  2.3140,  2.2562
  3.1270,  3.0278
  2.2260,  2.2871
  4.2490,  4.2091
  1.4600,  1.4364
  2.0380,  1.9752
  0.9090,  0.9124
  5.5620,  5.1569
  1.2550,  1.3225
  1.3850,  1.3933
  3.5530,  3.6236
  2.6960,  2.6697
  3.4690,  3.4512
  1.1470,  1.1916
  3.8700,  3.7212
  0.7460,  0.7730
  4.2950,  4.3775
  2.1590,  2.2049
  0.7230,  0.6946
  4.2390,  4.1506
  6.7310,  6.7839
  4.5890,  4.5370
  1.3720,  1.3616
  1.2860,  1.3051
  1.9770,  2.0434
  7.7070,  7.9397
 10.5990, 10.1261
  2.1770,  2.2532
  3.1070,  2.8673
  3.8290,  3.8481
  2.2730,  2.2252
  1.9460,  1.9801
  3.8840,  3.8167
  0.7290,  0.7796
  1.1000,  1.0830
  5.2540,  5.3488
  7.6310,  7.5948
  1.2140,  1.2281
  1.2440,  1.2776
  1.6630,  1.7704
  0.7820,  0.7773
  1.7130,  1.7176
  0.8780,  0.9204
  1.3130,  1.2386
  1.3610,  1.3512
  1.4750,  1.5069
  0.6450,  0.7048
  6.1840,  6.6001
  5.2580,  5.0296
  3.0600,  2.9650
  2.2870,  2.3281
  2.1350,  2.9831
  2.3790,  2.5094
  1.2000,  1.2522
  4.2910,  4.0253
  9.3340,  8.9420
 14.3030, 15.0838
  4.9370,  4.8579
  1.4410,  1.2849
  1.6440,  1.6262
  2.3400,  2.3376
  2.6740,  2.6356
  1.7800,  1.8497
  2.2160,  2.2525
  1.8570,  1.7658
  2.8030,  2.9165
  3.5310,  3.5109
  2.3020,  2.3242
  1.2890,  1.3465
  0.5240,  0.5659
  0.9190,  0.9624
  3.1430,  3.2216
  1.2900,  1.3606
  4.6480,  4.6245
  1.2240,  1.2190
  0.6960,  0.7198
  6.7920,  6.8483
 13.1740, 12.8557
  0.5510,  0.6150
  2.6270,  2.4108
  0.4960,  0.5775
  1.0090,  1.0191
  1.5760,  1.5566
  0.5930,  0.6658
  2.5280,  2.6743
  1.1020,  1.1159
  0.6380,  0.6438
  5.5450,  5.4763
  9.5480,  9.4112
  2.5890,  2.5572
  0.7110,  0.7033
  1.6250,  1.6395
  3.9430,  3.8748
  1.7000,  1.6351
  2.6330,  2.6267
  1.9390,  1.9457
  2.6010,  2.6064
  9.1760,  9.1076
  5.9780,  6.2600
 17.2610, 17.1145
  3.2830,  3.4212
  1.1920,  1.0956
  0.5870,  0.5883
  0.9850,  1.0094
  3.8320,  3.8490
  1.4030,  1.4318
  5.0980,  5.4606
  6.6420,  6.3657
  0.9970,  0.9598
  1.0180,  0.9745
  0.5800,  0.5955
  0.7770,  0.7719
  0.7000,  0.6914
 14.9300, 15.4664
  4.6200,  4.8860
  1.2170,  1.2101
  1.2800,  1.2314
  2.3800,  2.3043
  1.7230,  1.7598
  0.6320,  0.6671
  4.0920,  4.1571
  0.5170,  0.5574
  1.1160,  1.1159
  3.3310,  3.2651
  3.1820,  3.1836
  1.8750,  1.9485
  0.7740,  0.7635
  2.6790,  2.6446
  1.5900,  1.4970
  1.7340,  1.7555
  2.2900,  2.3023
  0.6500,  0.6271
  2.8170,  2.8320
  1.3220,  1.3004
  2.1880,  2.1534
  6.1690,  6.1002
  2.3430,  2.4250
  6.5210,  6.5463
  0.6770,  0.7277
  0.6760,  0.7156
  1.2110,  1.1833
  2.3550,  2.2394
  1.1960,  1.3390
  1.8470,  1.8106
  5.3550,  5.1926
  3.1460,  3.1311
  1.6680,  1.6187
  0.6750,  0.7015
  1.9850,  1.9486
  3.5990,  3.8052
  3.5160,  3.4991
  5.6870,  5.7943
  1.1630,  1.1465
  1.4610,  1.5203
  5.6510,  5.7136
  2.5990,  2.6222
 14.7810, 14.3710
  0.9820,  0.9920
  1.3330,  1.3426
  3.8150,  3.8680
  1.0620,  1.1214
  1.5000,  1.4295
  2.7740,  2.6592
  4.1630,  4.0771
  1.0840,  0.9881
  0.8730,  0.9070
  0.5530,  0.5724
  2.0620,  2.0922
  4.7750,  4.9371
  6.1420,  5.6274
  2.4980,  2.7443
 11.4170, 11.5435
  1.4320,  1.4349
  0.8670,  0.9190
  2.0150,  2.0096
  3.9610,  3.9089
  0.9300,  0.9548
  1.3450,  1.3400
  1.0310,  1.0065
  3.1600,  3.0940
  1.9170,  2.0494
  3.6430,  3.5631
  1.2340,  1.2222
 10.3250, 10.5551
  1.0860,  1.1388
  1.8400,  1.8856
  2.3750,  2.4822
  2.8390,  2.8084
  1.9090,  1.9914
  1.0080,  0.9784
  1.0370,  1.0468
  9.3060,  9.5547
  1.7430,  1.7300
  3.3040,  3.2792
  9.3110,  9.2066
  1.2270,  1.2856
  1.8920,  1.9171
  0.6890,  0.7147
  1.1030,  1.0663
  1.2350,  1.1695
  0.5930,  0.6249
  3.4450,  3.4116
 10.4230, 10.5172
  2.7190,  2.8534
  3.9240,  4.1306
  0.7050,  0.6982
  1.8040,  1.7733
  1.0830,  1.1333
  1.1480,  1.2385
  2.2530,  2.0832
  2.3020,  2.3215
  1.3370,  1.3626
  0.7640,  0.7720
  0.7490,  0.7801
 18.4670, 18.4107
  8.1990,  8.1660
  1.7460,  1.7478
  1.3540,  1.4203
 19.0610, 18.6569
  9.5600,  9.4710
  1.2460,  1.3261
  0.9730,  0.9593
  3.7570,  3.8148
  2.5560,  2.5411
  1.0510,  0.9925
  0.8020,  0.8192
  3.5700,  3.6569
  1.2200,  1.1955
  4.6820,  4.4703
  0.5750,  0.6216
  1.3670,  1.3190
  3.5080,  3.5264
 10.9770, 11.1839
  0.4500,  0.4991
  2.4080,  2.5228
  5.5020,  5.2702
  0.8930,  0.9505
  6.6710,  6.5977
  0.5090,  0.5539
  5.6310,  5.4601
  1.6420,  1.6513
  1.9970,  2.0742
  0.8770,  0.8902
  1.2050,  1.2063
  6.7490,  6.9477
 13.0740, 12.5490
  1.9760,  2.0275
  1.6630,  1.6220
  0.6790,  0.7058
  0.6950,  0.7364
 10.1340,  9.8900
  0.5360,  0.5768
  1.7480,  1.7176
  2.2430,  2.2937
  0.5630,  0.6636
  0.8720,  0.8920
  0.7730,  0.7981
  0.7150,  0.7310
  2.9520,  2.9525
 14.7880, 13.8256
  0.8030,  0.8308
  2.8990,  2.9823
 14.6720, 12.2098
  0.7400,  0.6881
  5.0680,  5.1187
  1.4230,  1.3679
  2.0320,  2.0822
  0.6600,  0.7411
  6.2410,  6.4249
  0.4490,  0.5025
  4.3580,  4.1420
  1.3330,  1.2875
  2.3160,  2.3409
 10.6930, 10.4163
  1.1550,  1.1524
  1.8970,  2.0594
  2.9970,  3.1105
  1.8000,  1.7799
  8.0340,  8.5623
  2.2110,  2.2304
  3.8140,  3.8226
  2.7880,  2.7764
  7.0390,  6.7748
  0.9580,  1.0062
  6.4500,  6.3619
  2.2190,  2.0943
  7.8080,  7.6796
  4.4600,  4.6034
  0.6240,  0.6358
  2.3280,  2.3209
  1.9390,  1.8778
  1.6910,  1.7843
  5.6620,  5.7164
  7.7640,  7.4419
  3.4100,  3.4732
  1.4280,  1.4960
 12.5700, 12.2151
  1.6980,  1.5555
  0.7220,  0.7712
  0.9420,  0.9593
  3.0380,  3.1181
  1.6660,  1.6981
  0.3920,  0.4635
  0.6240,  0.6483
  4.4250,  4.5747
  1.5980,  1.5136
  1.2800,  1.2443
  1.1250,  1.0658
  1.4080,  1.2609
  5.9510,  5.8475
  1.4070,  1.3729
  1.0060,  1.0425
  1.1150,  1.0874
  1.8250,  1.7637
  1.1470,  1.0965
  2.3140,  2.3827
  1.7640,  1.7866
  1.0120,  0.9803
  7.5430,  7.2709
  3.7330,  3.7551
  1.1980,  1.1418
  0.5410,  0.5962
  9.2080,  8.9329
  3.6320,  4.1666
  2.1830,  2.1340
  0.6580,  0.6553
  3.8950,  3.8539
  1.1500,  1.1816
  2.1540,  2.1955
  1.1000,  1.1210
  1.4050,  1.4549
  0.7080,  0.7002
  3.8150,  3.8296
  1.3610,  1.3778
  5.8850,  6.0107
  0.7360,  0.7122
  0.9510,  0.9568
  1.7820,  1.7320
  8.3570,  9.2591
  7.2900,  7.3668
  1.2370,  1.2475
  1.1480,  1.1876
  4.6980,  4.5475
  2.0490,  1.9957
  2.6710,  2.7485
  0.7230,  0.6779
  3.1750,  3.1563
  0.9400,  0.9792
  4.4770,  4.3835
  0.8670,  0.8632
  3.4780,  3.5896
  0.5570,  0.5803
  0.7930,  0.7972
  4.5620,  4.4594
  1.1720,  1.1779
  0.3830,  0.4507
 17.4230, 16.9751
  0.5320,  0.5460
  2.7190,  2.7186
  1.3010,  1.3177
  4.2510,  4.6089
  0.9500,  0.9906
  2.6880,  2.6284
  3.9810,  3.8924
  1.6420,  1.6794
  2.1960,  2.2000
  1.7680,  1.7149
  2.4740,  2.4830
  1.2330,  1.2804
  7.1970,  7.1295
  3.7900,  3.8466
  5.4230,  5.2062
  3.2000,  3.1248
  1.1080,  1.1523
  2.3120,  2.2826
  2.0360,  2.0388
  1.8110,  1.8456
  1.4950,  1.5750
  2.0930,  2.1086
  2.5290,  2.4993
  2.8190,  2.8269
  3.0090,  3.0955
  0.6870,  0.7276
  6.7650,  6.8545
  2.7540,  2.7853
  1.9590,  1.8878
  1.5460,  1.5915
  1.2670,  1.1902
  1.3920,  1.4305
  3.3460,  3.6215
  4.7370,  4.5830
  2.4650,  2.4885
  3.4820,  3.5954
  1.6590,  1.6738
 11.0360, 11.6806
  2.5730,  2.4938
  0.6250,  0.6660
  1.3200,  1.3027
  0.6390,  0.6718
  1.7060,  1.6850
  1.4360,  1.4671
  0.6650,  0.7180
  8.8870,  8.9365
  0.7880,  0.7748
  1.0090,  0.9951
  2.7410,  2.7801
  2.3640,  2.4345
  0.5720,  0.6185
  0.9620,  1.0047
  1.1140,  1.0915
  2.9100,  2.9640
  2.2500,  2.3194
  2.3150,  2.3450
  0.9880,  1.0099
  1.2060,  1.1915
  2.7560,  2.7527
  2.9220,  2.9501
  3.5620,  3.6760
  2.0030,  2.0327
  4.5830,  4.5961
  2.2530,  2.1770
  1.7550,  1.7263
  7.8490,  8.3552
  1.2090,  1.2157
  1.9150,  1.8660
  5.2890,  5.4509
  1.1230,  1.1658
  0.9680,  1.0125
  5.6070,  5.7258
  1.9450,  2.0115
  1.1590,  1.1959
  4.4900,  4.7280
  0.8210,  0.8338
  0.6690,  0.7179
  0.9280,  0.9401
  0.6640,  0.7371
  1.5810,  1.5618
  9.8220, 10.0420
  2.2560,  2.3293
  0.6850,  0.7577
  2.2200,  2.1385
  0.8870,  0.8834
  7.5170,  7.4418
  0.4590,  0.5076
  4.4810,  4.3865
  0.6070,  0.6373
  0.7450,  0.8073
  2.0390,  2.0897
  1.3730,  1.2820
  3.6880,  3.8404
  3.5950,  3.5222
  1.2120,  1.2451
  0.9110,  0.9606
  0.4730,  0.5303
  6.5190,  6.8012
  1.8420,  1.8054
  1.2750,  1.3120
  1.4740,  1.4081
  1.3430,  1.3353
  2.9150,  2.9033
  0.8740,  0.8619
  0.8900,  0.9648
  2.3070,  2.4325
  0.8380,  0.8373
  2.3520,  2.3003
  0.3590,  0.4818
  1.4290,  1.4555
  0.7780,  0.7829
  0.6960,  0.7311
  2.3980,  2.4789
  1.1650,  1.2898
  1.4820,  1.4587
  0.7950,  0.8224
  3.0900,  3.1531
 17.2880, 17.6628
  2.0770,  2.1710
  5.6720,  5.7157
  1.3320,  1.5145
  4.8140,  4.7930
  1.3610,  1.2809
  2.9770,  2.9206
  2.6630,  2.6900
 12.2540, 12.2628
  2.5360,  2.5673
  0.9260,  0.9388
  0.5230,  0.5978
  1.8390,  1.8555
  2.5870,  2.4682
  4.2430,  4.1334
  2.2990,  2.2204
  3.6010,  3.5789
  2.4750,  2.4734
  1.6780,  1.7632
  2.5870,  2.2488
  1.3750,  1.4076
  2.1240,  2.1000
 12.6930, 12.2693
  0.6690,  0.7072
  3.2090,  3.0587
  1.0980,  1.0998
  3.5230,  3.4629
  2.1810,  2.1929
  1.7050,  1.7564
  8.3710,  8.0742
 12.3090, 12.0892
  3.8810,  3.9540
  1.4940,  1.4568
  1.4290,  1.3930
  1.5590,  1.5483
  2.4700,  2.5075
  0.7350,  0.7564
  0.9780,  1.0114
  8.7590,  8.7331
  5.7480,  6.1805
  2.3550,  2.3471
  0.4210,  0.4890
  1.7840,  1.8434
  3.6620,  3.5297
  2.9960,  2.9835
  1.1680,  1.1380
  5.0290,  5.0841
  6.7100,  6.9798
  5.4950,  5.5519
  2.4570,  2.3808
  4.4910,  5.0375
  2.6270,  2.6573
  7.4030,  7.5396
  2.8120,  2.7922
  3.5010,  3.5022
  4.3670,  4.5804
  1.0170,  0.9897
  5.6770,  5.7938
  1.2190,  1.2483
  2.3320,  2.4037
  2.2880,  2.1855
  2.8040,  2.8403
  1.0710,  1.0835
  1.0450,  1.0203
  3.1290,  3.2627
  9.2880,  9.8160
  2.1140,  2.0205
  2.8500,  2.9044
  1.1110,  1.1815
  3.3370,  3.4951
  4.1170,  6.1401
  1.0620,  1.0594
  1.7540,  1.7586
 15.8090, 16.1456
  1.2330,  1.2533
  1.0400,  1.0273
  3.1210,  3.2681
  1.8930,  1.8458
  1.9190,  1.8569
  2.1980,  2.3450
  1.4100,  1.3903
  5.7410,  5.8278
  1.6410,  1.6881
  1.3110,  1.3311
  1.6180,  1.6261
  1.6760,  1.6346
  1.8930,  1.9157
  1.8350,  1.7778
 10.2510, 10.2736
  1.0570,  1.0987
  1.3710,  1.4000
 19.8290, 19.3664
  1.3410,  1.3869
  3.0130,  3.1583
  1.3430,  1.3598
  1.4480,  1.4763
  7.8940,  7.7988
  2.9850,  2.9437
  2.7790,  2.7045
  2.7090,  2.6394
  0.7690,  0.7518
  3.2320,  3.1621
  3.0810,  3.0624
 12.0630, 10.3936
  1.4370,  1.4099
  2.1510,  2.1243
  2.2740,  2.2823
  1.5960,  1.5962
  2.4780,  2.5548
  0.4850,  0.5227
  1.2360,  1.2451
  0.6340,  0.6960
  1.1140,  1.1600
  1.5310,  1.5413
  2.2700,  2.2088
  1.3040,  1.3141
  3.7250,  3.8338
  3.8350,  3.7462
  1.1950,  1.2027
  1.9960,  1.9255
  1.2990,  1.3201
  0.4930,  0.5544
  1.0570,  1.0222
  0.7310,  0.7742
  1.2930,  1.2794
  0.5200,  0.4824
  0.8400,  0.8653
  6.4400,  6.3397
  1.1720,  1.2465
  1.2280,  1.2581
  5.8460,  5.5284
  1.3580,  1.3961
  1.9570,  1.9802
  0.9780,  0.9551
 12.7630, 14.2567
  0.8210,  0.8453
  1.0260,  1.0420
 12.8050, 13.4699
  1.1180,  1.1396
  1.4930,  1.4552
  0.5350,  0.5836
  1.2750,  1.3358
  1.0050,  1.0411
  1.0530,  1.1084
  3.3940,  3.3667
  0.9600,  0.9560
  1.5070,  1.4989
  1.1890,  1.2145
  1.5830,  1.6688
  1.6870,  1.6709
  7.9270,  8.4387
  3.1040,  3.1958
  2.0430,  1.9903
  1.3590,  1.3953
  0.5300,  0.5933
  2.0650,  2.0949
  1.8200,  1.7648
  0.9700,  1.0008
  0.7210,  0.7922
  3.2530,  3.2431
  1.9400,  1.9909
  1.2430,  1.2619
  1.0030,  0.9624
  2.6420,  2.6780
  2.2500,  2.1729
  5.5150,  5.6340
  0.6660,  0.6721
  1.3770,  1.4546
  1.3460,  1.2715
  1.5720,  1.5551
  1.9970,  2.0070
  1.4040,  1.5420
  0.8050,  0.7643
  1.1820,  1.1556
  2.0970,  2.0342
  1.0830,  1.2061
  2.5300,  2.4318
  2.1100,  2.1136
  3.1120,  3.4486
  1.9950,  1.9691
 12.5420, 12.5723
  1.5720,  1.5020
  2.0970,  2.1268
  2.9220,  2.8758
  0.9260,  0.7495
  1.0670,  1.0388
  1.9490,  1.9265
  1.8900,  1.9730
  1.4630,  1.4181
  2.3370,  2.3440
  0.8150,  0.8302
  1.8130,  1.8563
  2.2000,  2.2394
  9.6910,  9.1677
  0.6450,  0.6644
  2.6810,  2.6484
  1.4720,  1.4242
  2.3760,  2.3645
  1.4780,  1.5843
  1.2320,  1.2590
  7.4690,  7.3485
  6.3670,  6.3868
  2.8630,  3.0046
  1.0280,  1.0573
  1.0190,  1.0157
  0.5620,  0.5706
  0.9230,  0.9660
  1.1370,  1.1990
  0.8760,  0.9106
  1.1440,  1.1937
  1.5890,  1.6030
  0.7090,  0.7286
  3.0370,  3.1592
  1.3840,  1.4264
  1.2800,  1.2088
  2.3930,  2.4562
  1.0250,  1.0572
  1.2340,  1.1385
  3.9810,  3.8578
  5.9400,  5.7519
  0.7060,  0.7190
  0.3600,  0.4478
  1.5160,  1.5451
  3.1430,  3.1781
  6.7510,  6.9328
  1.5470,  1.5818
  0.5790,  0.6304
  1.1510,  1.1711
  1.6300,  1.7286
  1.7770,  1.7946
  2.0680,  1.8734
  1.8660,  1.9099
  5.2490,  5.1003
  2.6090,  2.6634
  0.8140,  0.8166
  3.2740,  3.3864
  0.8680,  0.9002
  0.9610,  0.9582
  2.3680,  2.2526
  0.9800,  0.9823
  1.2110,  1.2615
  8.7440,  8.4632
  3.8250,  3.8445
  2.3400,  8.1631
  0.5880,  0.6492
  0.8750,  0.9600
  2.0910,  2.0549
  6.1870,  6.2685
  3.3350,  3.4142
  1.3500,  1.3417
  2.7260,  2.9260
  8.5070,  9.0341
  2.2650,  2.2404
 15.5240, 15.0700
  5.2290,  5.1186
  2.8710,  2.8442
  1.5330,  1.6001
  0.4370,  0.4905
  1.5680,  1.6373
  2.8900,  2.9094
  1.4600,  1.4755
  1.0630,  1.1074
  4.1960,  4.3254
  1.9760,  1.8894
  0.9930,  0.9874
  1.6200,  1.6342
  1.4010,  1.3971
  2.2450,  2.1930
  1.0320,  1.0524
  2.9770,  2.9075
  1.5890,  1.6430
  1.6980,  1.6990
  4.4090,  4.1867
  2.0220,  2.0983
  1.1850,  1.1386
  2.0250,  2.1577
 10.3180, 10.1536
  1.8440,  1.8435
  1.0010,  1.0188
  2.2950,  2.3047
  0.8520,  0.8448
  6.0940,  6.0053
  0.9820,  1.0479
  3.9020,  4.0222
  2.1970,  2.2227
  0.8780,  0.9741
  2.8230,  2.7985
  1.8860,  1.9102
  0.9720,  0.9375
  2.4610,  2.4105
  3.1500,  3.1787
  2.4740,  2.5226
  3.6450,  3.9184
  0.7040,  0.7100
  0.7030,  0.7379
  0.6840,  0.6766
  1.4390,  1.5300
  0.8310,  0.8010
  8.1330,  7.9252
  1.4290,  1.4333
  2.3250,  2.3066
  0.9800,  0.9641
  0.4640,  0.5145
  1.2600,  1.2443
  2.0030,  1.9584
  0.6270,  0.6658
  1.3400,  1.4060
  0.8840,  0.9254
  4.1630,  4.2276
  1.5730,  1.6196
  1.9730,  1.9821
  3.7800,  3.9160
  0.6040,  0.5962
 11.0620, 10.6064
  3.2120,  3.1912
  3.6770,  3.7394
  5.0820,  5.3208
  1.7670,  1.8709
  8.8600,  8.5534
  1.2020,  1.2062
  1.7700,  1.8416
  3.1510,  3.2555
  6.7770,  6.5747
  2.9160,  2.9304
  1.1260,  1.1172
  2.8280,  2.8542
  3.5420,  3.5050
  3.8610,  3.8814
  1.1970,  1.2138
  6.0490,  5.8758
  1.2900,  1.1705
  0.7550,  0.7915
  1.2360,  1.2637
  1.4680,  1.4474
  1.3710,  1.4387
  1.1300,  1.1357
  3.7300,  3.8512
  7.5290,  7.2394
  2.8500,  2.8426
  1.2030,  1.1742
  1.2340,  1.3046
  0.6090,  0.6153
  8.2570,  8.3970
  2.1710,  2.2300
  0.9720,  1.0654
  1.8960,  1.8913
  1.4290,  1.3377
  0.7760,  0.7659
  0.7230,  0.7642
  2.8470,  2.8231
  0.8760,  0.8678
  4.1030,  4.0409
 10.1100, 10.7050
  0.4180,  0.4853
  0.5400,  0.5733
  0.4660,  0.5370
  0.5970,  0.6330
  0.3920,  0.4685
  0.9080,  0.9667
 16.7690, 17.5357
  0.8450,  0.7670
  7.5370,  7.3794
  4.0710,  4.0704
  1.5950,  1.6176
  1.1530,  1.1734
  0.6520,  0.6403
 10.8770, 10.4816
  1.3370,  1.3842
  1.1070,  0.8825
  0.6970,  0.7426
  1.7390,  1.7076
  5.2570,  5.3618
  1.3100,  1.1365
  0.8500,  0.8392
  4.4490,  4.3900
  1.9140,  1.9797
  1.4220,  1.4557
 16.3800, 16.9992
  0.6070,  0.6609
  2.0260,  2.0497
  1.1240,  1.1457
 14.5410, 14.2252
  1.7160,  1.6381
  0.8930,  0.8871
  1.4260,  1.4115
  3.7100,  3.5629
  0.5090,  0.5823
  6.1730,  6.2961
  2.4290,  2.5771
  0.7550,  0.7804
 11.6660, 11.0082
  2.0860,  2.0282
  2.4980,  2.5186
  0.9160,  1.0173
  2.6570,  2.7409
 12.8640, 13.1114
  2.4880,  2.5464
  2.4810,  2.5615
  3.7930,  3.7027
  1.5230,  1.5817
  8.5420,  8.8094
  1.2730,  1.3082
  3.6240,  3.4663
  2.8080,  2.7209
  1.0460,  1.0626
  7.0190,  7.6424
  2.6480,  2.6580
  0.5070,  0.5768
  7.0020,  7.1054
  7.5820,  7.8833
  3.5550,  3.5964
  2.0540,  2.0554
  3.4790,  3.5438
  0.8480,  0.8237
  6.8610,  6.7035
  1.1930,  1.1961
  1.9950,  2.0213
  1.6240,  1.6171
  0.9490,  0.9247
  2.0060,  1.9461
  1.4850,  1.4206
 11.6510, 12.0112
  0.4290,  0.5082
  0.9880,  1.0083
  1.4990,  1.4406
  1.2060,  1.2435
  0.6630,  0.6850
  3.7180,  3.8128
  8.0520,  8.3462
  8.0040,  8.1161
  1.4380,  1.5039
  0.5520,  0.5730
  2.4470,  2.4886
  0.5610,  0.5723
  2.0780,  2.1042
  5.0900,  4.9154
  0.5580,  0.5997
  4.5420,  4.3187
  1.2550,  1.2130
  3.3910,  3.4091
  0.5320,  0.5655
 16.1040, 16.2193
  1.4120,  1.4797
  1.8720,  1.7668
  1.4260,  1.4389
  4.3630,  4.0903
  2.0980,  2.1137
  1.8790,  1.9182
  4.5310,  4.7266
  1.1680,  1.2173
  1.4300,  1.4199
  0.3750,  0.4549
  2.1820,  2.1553
  0.5080,  0.5354
  1.6120,  1.6758
  7.9260,  7.9777
  1.6150,  1.5377
  3.3250,  3.3572
  1.1440,  1.1527
  8.5090,  8.5289
  1.9110,  1.8768
  0.8020,  0.7706
  0.6840,  0.7027
  0.7570,  0.7637
  3.3570,  3.4714
  0.6340,  0.6837
  0.5610,  0.6546
  1.9740,  2.0625
  1.0760,  1.1079
  7.8710,  7.8577
  2.5700,  2.5608
  0.5200,  0.5635
  3.0770,  3.0108
  5.7210,  5.6844
  0.5810,  0.5969
 18.4650, 19.2845
  3.4900,  3.4367
 16.8450, 16.7460
  4.6810,  4.6599
  7.0940,  7.2429
  0.9920,  0.9942
  7.0450,  7.1325
  1.8180,  1.6964
  1.7910,  1.8490
  0.9010,  1.0125
  1.0300,  1.0699
  2.6710,  2.7289
  2.7200,  2.7106
  0.7270,  0.7810
  8.3830,  8.6299
  1.2850,  1.3487
  4.3050,  4.3859
  4.1560,  4.0543
  0.6070,  0.5754
  2.2590,  2.3161
  0.5400,  0.5990
  0.8390,  0.8302
  1.0140,  0.9906
  1.2450,  1.2351
  0.6770,  0.6660
  0.5250,  0.5756
  1.0520,  1.0540
  0.4700,  0.5927
  2.5270,  2.6557
 13.5280, 14.6232
  1.4530,  1.6159
  1.1410,  1.1351
  0.6050,  0.6036
  1.9150,  1.9353
  3.1840,  3.3763
  1.1180,  1.1414
  1.2700,  1.2750
  2.0760,  2.1139
  1.2500,  1.3943
  0.8510,  0.8794
  1.1020,  1.0466
  2.2090,  2.2120
  1.6270,  1.8255
  1.0800,  1.1838
  3.5560,  3.4706
  0.8330,  0.8342
  3.1820,  3.0234
  4.7240,  4.7783
  1.0350,  1.0333
  5.1970,  5.2147
  0.6650,  0.6460
  1.3930,  1.4690
  9.8790,  9.9989
  2.6340,  2.6327
  9.1450,  9.2557
  1.0250,  1.0432
  5.4560,  5.3631
  0.7380,  0.7571
  5.3170,  4.8868
  0.5710,  0.6007
  2.6770,  2.6179
  1.4460,  1.3661
  0.6630,  0.7185
  2.5690,  2.5934
  6.0160,  5.9578
  1.2300,  1.2097
  1.6070,  1.5909
  0.7170,  0.7494
  0.7510,  0.8028
  1.1820,  1.1609
  2.6810,  2.7274
  3.3390,  3.0053
  1.2290,  1.2658
  1.6860,  1.6931
  2.1160,  2.0863
  3.4000,  3.2331
 11.0270, 10.7902
  5.0710,  5.0932
  1.3130,  1.3724
  5.5750,  5.6789
 11.7320, 11.1813
  2.8520,  2.8125
  0.6400,  0.6271
  0.9270,  0.9196
  2.1160,  2.0772
  1.8060,  1.7749
  1.7440,  1.6295
  3.5890,  3.5826
  2.6600,  2.6826
  0.7720,  0.8116
  2.3320,  2.2840
  1.5590,  1.6553
  1.2240,  1.2586
  2.8580,  2.7567
  7.3670,  7.3794
  2.3600,  2.3289
  1.9570,  1.9683
  5.0170,  4.6905
  2.5440,  2.5070
  4.7800,  4.9206
  1.1670,  1.1564
  0.6530,  0.6624
  0.7370,  0.7431
  2.2980,  2.2570
  2.0600,  2.0745
  5.4620,  5.2131
  0.5370,  0.5870
  1.0140,  0.9558
  1.2980,  1.3060
  2.1150,  2.1588
  1.5150,  1.4224
  2.1330,  2.0515
  2.5240,  2.5217
  0.7690,  0.7732
  2.4640,  2.4943
  1.0420,  1.0403
  5.5760,  5.8013
  3.0950,  3.1365
  0.6890,  0.7398
  1.7240,  1.8016
  2.8300,  2.8110
  6.8750,  6.8307
  0.4950,  0.5542
  1.9250,  1.9369
  1.0120,  1.0908
  0.8350,  0.8706
  0.9920,  1.0083
 11.4380, 11.7713
  1.1400,  1.1589
  3.0790,  2.9494
  1.4260,  1.4336
  0.4600,  0.4786
  1.0200,  0.9991
  1.4670,  1.4055
  1.6370,  1.7015
  1.5810,  1.6018
  2.1270,  2.0905
  1.7880,  1.8194
  5.4450,  5.3102
 10.8670, 10.3598
  2.4910,  2.2476
  5.9880,  6.1151
  1.2080,  1.1764
  1.1980,  1.1796
  1.3920,  1.4628
  2.3820,  2.4039
 12.2380, 12.0493
 15.1210, 14.4382
  1.4680,  1.4715
  0.9510,  0.8840
  4.8350,  4.7895
  1.8490,  1.8404
  0.9150,  0.9089
 15.7020, 15.8204
  0.3890,  0.4831
  1.4330,  1.4287
  4.8670,  4.7244
  1.4370,  1.4670
  7.5990,  7.5775
  0.8470,  0.7905
  2.7870,  2.7068
  1.6990,  1.7166
  0.4670,  0.4965
  1.3340,  1.2946
  1.4280,  1.4335
  2.5850,  2.8885
  1.9450,  1.9681
  1.1310,  1.0479
  1.0650,  1.0589
  1.1890,  1.1176
 19.3450, 19.4689
  1.2930,  1.3756
  2.3440,  2.2834
  0.9550,  0.9993
  0.8060,  0.8170
  2.0900,  2.0950
  1.3250,  1.3366
  3.6990,  3.7478
  0.3940,  0.4774
  0.8290,  0.8066
  2.9920,  2.9504
  1.1190,  1.1653
  3.1740,  3.2001
  5.2680,  5.3104
  5.2030,  5.1372
  1.3170,  1.2882
  0.7850,  0.8334
  1.0560,  1.0728
  0.9530,  0.9754
  5.1110,  4.9486
  4.4440,  4.5236
  0.5830,  0.6858
  0.7740,  0.7984
  4.7780,  4.7716
  1.5320,  1.5007
  1.5720,  1.5466
  1.6240,  1.6079
  0.6920,  0.6869
  1.4240,  1.4412
  1.1280,  1.0702
  1.2730,  1.2097
  3.3940,  3.4044
  1.9970,  2.0269
  4.3700,  4.2386
  0.8150,  0.8598
  0.8880,  0.9036
  1.6970,  1.6842
 13.4090, 13.3151
  1.8890,  2.0242
  4.0320,  3.9753
  4.9800,  4.9499
  1.9530,  1.9443
  0.8930,  0.9027
  1.7750,  1.7727
  4.5420,  4.6347
  2.7440,  2.6884
  0.8680,  0.8756
  2.1350,  2.2164
  3.5420,  3.5242
  0.6230,  0.6177
  2.2590,  2.2203
  3.0340,  3.0960
  0.9060,  0.9679
  1.7080,  1.6820
  4.3960,  4.4115
  2.7030,  2.6368
  4.0360,  3.9695
  3.3000,  3.4968
  1.6520,  1.8685
  1.6400,  1.6963
  2.8360,  2.8980
  1.0840,  1.1402
  8.0370,  7.9494
  2.4830,  2.4763
 12.5210, 12.6050
 10.0720,  9.7235
  1.5680,  1.6425
  1.1180,  1.1341
  1.5590,  1.6744
  2.2510,  2.2387
  0.9450,  0.9824
  0.9090,  0.9335
  1.5940,  1.4689
  1.9700,  2.1138
  1.5620,  1.5849
  2.7380,  2.7311
  3.0000,  2.8388
  0.8910,  0.9566
  6.3400,  4.4900
  7.7010,  7.3968
  1.3950,  1.4130
  0.7960,  0.8171
  0.7180,  0.7251
  1.1990,  0.8737
  1.5430,  1.4838
  2.3970,  2.3707
  1.2790,  1.2903
  2.4390,  2.4493
  1.6110,  1.7081
  3.2130,  3.1680
  0.6830,  0.7085
  3.7020,  3.7120
  1.5460,  1.5622
  1.4170,  1.4293
  2.1140,  2.1975
  2.0980,  2.0833
  1.8720,  1.7519
  1.7910,  1.7119
  1.3740,  1.3574
 10.8630, 11.0921
  2.1220,  2.1147
  1.8990,  1.8977
  1.7150,  1.7217
  5.1690,  5.3210
  1.5050,  1.5087
  2.3780,  2.3992
  0.9580,  0.9073
  1.4320,  1.4657
  5.4680,  5.4514
  4.6830,  4.6880
 14.7660, 15.1357
  0.8210,  0.7973
  2.6990,  2.6906
  1.3210,  1.3073
  1.0390,  1.0020
  1.0980,  1.1052
  0.7060,  0.7567
  2.4290,  2.4397
  1.4890,  1.4653
  8.3700,  8.4483
  2.6240,  2.4473
  2.6840,  2.7946
  2.2900,  2.3248
  3.6800,  3.4813
  0.9190,  0.9480
  2.0640,  2.0943
  2.5150,  2.4506
  1.2400,  1.2324
  6.2940,  6.2944
  1.1860,  1.1952
  3.3100,  3.2899
  0.9100,  0.9419
  1.5680,  1.6062
  2.2800,  2.3547
  0.7960,  0.7858
  1.9310,  1.9474
  3.2590,  3.3729
  5.0230,  4.7017
 13.3990, 12.9595
  1.1760,  1.2030
  1.4260,  1.3714
  1.3190,  1.3633
  0.8760,  0.8725
  0.8540,  0.9330
  2.1150,  2.1878
  0.9480,  0.9638
  0.9220,  0.9443
  1.3550,  1.3233
  1.1810,  1.1535
  1.2160,  1.2030
  0.9660,  1.0172
  7.3360,  7.7071
  9.7790,  9.2825
  6.2100,  6.3805
  0.8650,  0.8766
  0.8560,  0.8923
  0.5230,  0.5606
  1.1610,  1.1839
  0.6600,  0.6323
  5.3160,  4.9810
  4.4770,  4.5610
  1.3220,  1.3406
  1.7660,  1.7432
  0.8850,  0.8376
  1.7090,  1.6697
  1.1750,  1.1473
  1.3380,  1.2317
  5.1650,  5.1495
  1.5220,  1.4625
  0.7990,  0.8335
  0.5700,  0.6307
  1.0560,  1.0886
  0.9650,  0.9975
  1.6370,  1.6740
  1.4120,  1.4552
  1.6820,  1.6198
  2.3460,  2.2752
  2.1410,  2.2071
  0.4430,  0.5103
 10.5680, 10.7096
  5.9720,  5.7698
  0.8920,  0.9285
  1.0300,  1.0341
  3.4450,  3.4743
  1.1150,  1.0676
  3.1510,  3.1387
  1.7500,  1.8268
  1.3410,  1.3000
  1.4920,  1.4962
  2.9930,  2.9692
  2.2130,  2.2171
 14.6600, 14.4248
  0.9350,  0.9622
  1.2170,  1.2321
  2.9660,  3.0422
  0.5050,  0.5158
  1.3420,  1.3947
  1.1140,  1.1442
  6.5170,  6.1988
  2.4680,  2.2937
  1.3940,  1.2338
  2.3930,  2.3710
  1.4930,  1.4214
  3.7540,  3.6373
  7.7470,  7.8512
  2.5790,  2.6537
  1.0550,  1.0698
  4.5320,  4.4961
  4.3600,  4.4281
  1.2710,  1.2766
  5.5200,  5.4132
  6.2760,  5.9184
  1.8580,  1.9452
  1.3250,  1.3534
  1.6630,  1.7225
  1.5180,  1.5345
  0.7440,  0.7743
  1.3570,  1.3156
  2.8570,  2.9825
  3.7310,  3.6938
  2.9780,  3.1568
  0.4510,  0.4977
  1.6120,  1.6092
  0.8740,  0.8803
  1.3780,  1.4179
  1.8300,  1.9300
  0.9850,  1.0759
  0.3620,  0.4732
  3.0730,  3.0183
 13.2350, 13.1819
  1.4910,  1.4530
  4.7750,  4.7284
  9.2280,  9.0382
  2.6590,  2.4541
  0.7210,  0.7424
  0.9670,  0.9471
  0.6570,  0.6886
  2.7200,  2.6444
  1.9110,  1.9520
  0.7380,  0.7856
  3.6730,  3.5282
  7.0310,  7.0695
  1.8450,  1.8099
  9.5360,  9.4939
  4.8790,  4.9784
  0.5280,  0.5556
  2.7640,  2.6635
 10.6420, 10.4549
  2.4980,  2.5781
  1.4400,  1.5323
  0.7540,  0.7738
  1.1400,  1.1836
  1.4030,  1.3826
  1.1750,  1.2504
  1.1250,  1.1591
  0.8290,  0.8503
  1.5900,  1.6006
  2.2490,  2.2080
 13.3220, 12.8452
  1.0190,  1.0256
  1.3080,  1.2729
  1.8070,  1.9217
  2.1380,  2.1106
  1.3350,  1.3356
  1.9340,  2.0419
  0.5680,  0.5794
  2.9930,  2.9982
  0.7160,  0.7285
  2.1710,  2.1457
  1.5270,  1.5464
  5.0690,  5.2402
  0.7280,  0.7254
  1.4630,  1.4521
  0.6960,  0.7152
  1.2400,  1.2304
  5.7710,  5.9653
  3.4190,  3.6384
  3.1000,  3.1281
  5.4100,  5.2005
  0.7850,  0.8240
  4.3360,  4.4189
  0.9480,  0.8975
  2.7510,  2.9368
  6.4140,  6.5038
  3.2620,  3.2132
  1.0970,  1.0971
  0.8980,  0.9451
  2.4050,  2.5373
  0.6290,  0.7022
  1.1230,  1.1538
  5.7110,  5.5349
  0.5220,  0.5440
  4.5090,  4.4883
  0.6040,  0.6864
  5.7740,  5.1640
  2.0790,  2.2048
  2.7200,  2.7551
 12.3490, 11.9158
  3.8420,  3.9970
  1.7080,  1.8241
  1.2470,  1.1740
  1.7670,  1.7294
  1.8850,  1.8798
  5.5040,  5.6291
  0.6720,  0.7058
  1.0240,  0.9798
  5.0940,  5.0839
  1.3990,  1.4082
  1.6460,  1.6159
  0.4770,  0.4968
  1.6230,  1.5394
  3.8740,  3.9141
  1.8240,  1.8456
  1.0300,  1.0659
  0.8070,  0.9282
  0.8740,  0.8896
  0.8230,  0.8482
  5.6140,  6.0207
  2.1270,  2.1507
  2.0840,  2.1051
  1.0350,  1.1032
  8.2530,  7.9362
  1.7540,  1.7773
  1.4480,  1.4202
  1.2420,  1.2931
  3.2780,  3.2372
  0.8590,  0.9039
  5.4080,  5.2931
  4.2840,  4.0872
  3.4430,  3.4420
  2.1870,  2.1052
  1.6480,  1.6420
  1.2320,  1.2140
  1.5360,  1.4688
  3.3070,  3.3340
  0.6020,  0.6501
  1.6230,  1.5109
 15.1880, 15.4022
  5.8120,  6.1078
  5.2340,  5.1497
  0.5950,  0.5862
  0.4520,  0.5387
  3.4250,  3.5491
  4.0310,  4.0518
  6.3410,  6.0585
  4.9280,  5.0781
  2.1600,  2.1715
  0.8520,  0.8606
  1.2950,  1.3307
  1.1440,  1.2179
  1.6650,  1.7665
  1.3190,  1.2763
  1.5500,  1.5282
  0.7550,  0.8175
  1.3320,  1.3082
  1.8230,  1.6058
 10.5700, 10.9392
  0.7980,  0.8065
  5.7250,  5.8290
  2.9040,  2.9481
  0.6030,  0.6203
  0.8480,  0.8533
  1.4550,  1.4965
  0.6550,  0.7092
  0.8790,  0.9158
  0.7550,  0.8158
  3.1730,  3.1015
  0.6090,  0.5980
  1.1500,  1.2172
  9.1780,  9.7487
  0.8320,  0.8652
  1.2070,  1.1520
  2.0140,  1.8449
  1.3080,  1.3288
  1.8770,  1.8609
  0.4130,  0.4719
  2.6400,  2.7284
  4.9690,  5.1387
  1.1910,  1.1475
  0.8850,  0.8863
  5.6010,  5.3400
  1.4320,  1.4551
  3.4090,  3.3532
  1.8150,  1.8249
  3.4680,  3.5115
  1.6330,  1.7152
  2.3610,  2.2483
  4.6730,  4.5182
  0.8680,  0.8899
  0.7960,  0.8682
  2.6290,  2.6894
  8.5920,  8.6142
  0.4840,  0.5251
  3.5630,  3.5820
 12.7180, 13.3078
  1.3680,  1.3617
  0.7830,  0.8227
  0.4650,  0.5204
  0.8050,  0.8131
  1.1620,  1.2477
  1.6580,  1.6363
  0.8940,  0.9132
  2.0950,  2.1379
  4.9030,  4.9661
  2.6020,  2.6821
  1.3960,  1.4440
  1.4750,  1.4766
  2.4380,  2.5426
  2.1010,  2.0235
  0.8320,  0.7808
  4.4810,  4.5415
  1.0490,  1.0458
  0.4790,  0.5087
  1.2100,  1.2131
  3.9260,  3.8877
  0.9460,  1.0169
  1.5930,  1.6275
  1.6420,  1.6875
  2.6330,  2.5511
  0.4210,  0.5315
  1.5080,  1.4690
  2.0700,  2.1009
  1.7100,  1.7713
  0.8940,  0.9424
  1.3210,  1.3923
  1.7850,  1.7448
  2.8020,  2.8196
  2.0380,  2.0382
  1.1350,  1.1760
  2.1620,  2.1052
  1.7590,  1.7319
  9.1570,  9.2219
  1.5510,  1.5567
  0.9200,  0.9549
  1.2920,  1.3046
  1.8690,  1.8596
  2.0990,  2.0251
  1.2330,  1.2234
  0.7390,  0.7540
  4.9040,  4.8952
  2.3530,  2.2177
 16.3520, 15.6276
  0.7680,  0.7767
  0.8090,  0.8117
  1.6820,  1.7123
  9.7210,  9.3528
  0.7550,  0.7703
  0.7570,  0.8467
  4.6890,  4.2310
  1.7340,  1.7494
  3.1030,  3.0763
  0.7770,  0.7839
  0.9570,  0.9231
  1.4740,  1.5637
  1.4410,  1.4603
  1.4740,  1.4355
  4.6870,  4.6606
  2.6100,  2.7285
 16.2720, 16.4600
  1.8820,  1.9688
  0.3370,  0.4504
  1.0550,  1.0798
  1.0930,  1.1021
  2.0280,  2.0113
  0.9500,  0.9296
  1.0370,  1.0770
  1.0260,  1.0281
  3.7350,  3.7968
  0.7980,  0.8256
  1.3390,  1.3633
  2.4100,  2.4366
  0.5000,  0.5410
  1.8150,  1.9258
  0.8820,  0.8658
  2.6370,  2.4905
  2.7400,  2.7597
  5.5630,  5.4560
  1.1770,  1.1332
  1.4620,  1.4787
  1.5600,  1.5889
  1.1460,  1.1253
  0.7790,  0.7516
  2.6710,  2.7069
  2.6650,  2.6457
  0.9570,  1.0091
  0.6370,  0.6228
  1.7740,  1.6781
  1.5470,  1.6385
  1.0760,  1.1055
  4.0580,  4.0856
  2.3270,  2.4406
  1.3440,  1.3263
  5.2850,  5.3791
  0.5390,  0.5866
  0.3990,  0.4583
  8.3590,  8.4409
  7.3700,  7.1144
  5.7430,  5.8450
  2.3060,  2.3128
  3.5280,  3.6195
  1.2700,  1.2735
  1.5350,  1.5395
  1.6760,  1.6631
  9.8020, 10.5375
  0.9390,  1.0124
  1.4900,  1.3879
  1.8010,  1.7890
  2.6760,  2.7033
  9.2090,  9.2153
  8.0600,  7.8934
  1.6920,  1.6440
  0.9520,  1.0144
  7.7170,  7.5880
  0.8480,  0.8525
  1.5290,  1.6084
  1.3000,  1.3465
  4.6690,  4.8986
  0.9320,  0.9273
 10.7350, 10.6679
  3.3060,  3.3296
  1.0990,  1.0996
  1.1390,  1.1119
  3.5000,  3.5324
  1.2490,  1.3037
  0.9510,  0.9555
  7.4000,  7.1807
  1.1240,  1.2135
 10.5670, 10.1833
  6.0590,  6.0032
  5.7350,  5.6039
  0.4680,  0.4648
  0.6480,  0.6806
  6.1910,  6.2359
  3.2140,  3.3079
  0.4260,  0.4715
  3.2390,  3.1011
  1.2740,  1.3069
  9.5640,  9.6467
  6.1610,  6.2687
  3.1020,  3.1844
  8.8140,  8.9894
  1.7970,  1.8616
  2.5630,  2.4669
  0.8210,  0.8201
  2.9980,  2.9363
  0.4690,  0.5340
  6.0490,  5.3814
 12.5330, 12.8797
  3.3390,  3.3655
  2.0530,  1.9857
  2.1440,  2.1156
  6.7720,  6.5313
  2.9150,  2.9193
 13.8330, 13.8611
  0.7040,  0.7316
  3.3080,  3.3177
  1.1040,  1.0955
  1.0650,  1.0674
  3.2870,  3.2780
  0.4970,  0.5605
  5.2560,  5.3224
  1.1770,  1.1932
  2.7530,  2.7107
  2.5360,  2.6790
  2.8440,  2.8182
  0.4400,  0.4850
  3.7420,  3.5542
  1.2040,  1.2180
  1.3300,  1.3650
  1.7110,  1.4493
  6.4240,  6.1160
  1.5370,  1.5649
  0.9670,  0.9637
  2.2900,  2.3687
  1.1810,  1.1571
  1.1650,  1.1456
  2.5030,  2.5049
  1.1220,  1.0600
  3.9520,  3.8789
  4.9960,  5.0007
  3.0240,  3.0115
  1.4100,  1.4057
  2.6010,  2.5840
  1.3670,  1.4331
  1.5960,  1.6457
  0.4500,  0.5226
  2.8900,  2.8670
  4.8140,  4.8272
  1.3720,  1.3691
  1.5320,  1.5767
  1.7000,  1.7400
  0.8520,  0.9005
  1.2320,  1.3168
  1.0010,  0.9970
  2.8020,  2.8086
  0.7880,  0.7601
  1.0510,  1.0521
  2.3330,  2.4621
  0.5150,  0.5457
  4.1870,  4.2067
  1.6170,  1.5531
  2.0610,  2.3479
  1.2700,  1.2372
  1.6450,  1.6635
  2.2260,  2.2622
  0.4530,  0.5285
  1.1330,  1.1595
  3.0040,  3.0898
  0.6570,  0.7051
  3.1980,  3.2316
  5.1740,  5.3736
  1.6940,  1.6555
  3.9540,  3.9485
  2.6940,  2.6843
  0.5760,  0.5757
  2.0930,  2.0880
  0.4070,  0.4840
  1.0440,  1.0851
  4.3970,  4.3601
  0.5900,  0.6554
  6.6170,  6.3444
  0.9700,  0.9801
  1.0790,  0.9685
  1.1870,  1.1904
 11.0140, 11.0081
  0.9660,  1.0296
  2.9510,  3.0001
  1.1920,  1.1385
  2.2560,  2.3127
  0.4440,  0.5154
  1.6560,  1.6122
  1.2720,  1.2947
 17.1840, 16.8685
  1.6800,  1.6602
  1.9910,  2.0260
  0.9290,  0.9397
  0.8470,  0.8404
  1.5630,  1.5922
  0.6720,  0.7075
  7.0220,  6.6614
  1.3130,  1.3496
  0.9380,  0.9281
  2.4420,  2.2828
  2.2760,  2.2015
  1.2750,  1.3171
  1.3250,  1.3252
  3.4140,  3.3765
  0.9830,  0.9392
  4.9850,  5.1368
  0.7860,  0.8051
  2.5670,  2.6193
  3.0640,  2.9553
  0.9400,  1.0630
 15.8660, 16.7070
  1.7790,  1.7607
  1.0890,  1.0982
  5.2430,  5.2551
  1.4300,  1.4128
  2.0660,  2.0730
  2.1590,  2.2208
  0.8750,  0.8700
  1.4070,  1.4122
  3.8670,  3.9302
  1.1520,  1.2111
  2.2020,  2.2323
  2.0970,  2.1276
  5.9370,  6.6068
  1.5300,  1.5063
  2.6410,  2.6871
  1.4220,  1.5201
  1.1920,  1.2087
 13.3060, 16.9875
  3.5260,  3.5851
  5.5490,  5.5308
  0.9500,  1.0071
  0.8000,  0.8491
  0.9760,  0.9554
  1.6140,  1.5758
  8.0920,  8.4752
  0.5830,  0.6597
  0.6300,  0.6304
  1.1670,  1.2125
  2.3100,  2.3631
  0.8940,  0.8287
  2.0820,  2.0157
  1.2420,  1.3258
  4.6310,  4.6964
  1.2330,  1.2400
  3.5110,  3.6858
  1.6590,  1.6077
  1.3340,  1.3605
  1.5120,  1.5838
  4.0220,  3.8808
  2.5210,  2.8013
  5.0810,  5.0561
  0.5560,  0.6111
  1.0000,  0.9752
 19.9240, 19.1593
  6.8650,  6.4756
  1.5940,  1.6774
  1.0000,  0.9976
  0.7700,  0.6583
  0.5550,  0.5910
  1.4790,  1.5296
  1.3830,  1.3520
  1.4760,  1.5454
  0.9270,  0.9430
  1.0100,  1.0732
  2.2170,  2.3596
  3.0880,  3.0230
  1.7170,  1.7413
  2.3120,  2.3407
  9.8440,  9.9673
  0.9540,  1.0202
  2.0200,  2.0502
 10.9050, 10.7767
  2.0820,  1.9576
  1.3970,  1.3324
  2.3350,  2.2842
  0.9830,  1.0523
  2.6350,  2.7648
  3.0290,  3.2081
  2.3130,  2.1548
 11.5360, 12.0309
  5.4330,  5.6190
  1.4670,  1.4902
  0.7100,  0.7180
 11.4890, 11.2409
  1.3280,  1.3285
  2.0090,  2.0450
  1.8670,  1.8030
  1.1630,  1.1996
  3.9880,  4.0278
  3.3950,  3.4242
  1.3870,  1.2987
  3.5350,  3.6476
  1.9290,  1.9230
  2.4300,  2.4370
  1.9350,  1.8858
  0.5330,  0.5231
  2.3250,  2.2295
  0.6070,  0.6384
  0.9100,  0.9953
  2.7070,  2.6168
  1.3230,  1.3311
  1.2780,  1.2570
  2.3130,  2.2767
  0.9950,  1.0681
  1.5720,  1.5547
  1.8630,  1.8039
  2.5650,  2.4930
  0.6770,  0.7142
  2.3780,  2.4111
  2.1680,  2.1744
  6.6250,  6.8033
  0.4370,  0.5049
  0.3760,  0.4551
  2.8020,  2.7448
  1.5380,  1.5955
  7.9690,  7.6927
  2.8950,  2.9067
  1.5660,  1.4690
  1.5820,  1.5390
  2.8040,  2.7244
  1.2270,  1.2968
  1.3150,  1.3077
 11.2630, 10.9297
  4.2580,  3.9225
  3.6480,  3.5426
  8.2820,  8.4476
  7.4820,  7.4548
  1.0310,  1.0995
  2.1510,  2.1624
  1.3240,  1.3768
  1.1190,  1.1621
  0.5470,  0.5693
  3.3610,  3.4090
  1.6080,  1.5836
  2.5100,  2.5430
  1.5620,  1.5262
  3.1310,  3.1205
  2.1820,  2.2106
  1.9950,  2.0182
  1.4100,  1.3927
  2.0570,  1.9860
  2.8760,  2.6258
  1.7320,  1.6743
 13.5960, 12.9167
  2.0610,  2.1151
  1.3050,  1.3312
  2.5830,  2.6277
  1.3430,  1.3583
  0.7250,  0.7022
  1.4820,  1.5266
  0.5040,  0.5380
  1.8780,  1.8896
  1.0180,  1.0635
  0.8440,  0.8809
  0.7060,  0.6988
  2.7890,  2.7327
  3.8910,  3.9217
  7.9950,  7.6807
  0.5740,  0.6169
  3.8140,  3.8669
  3.5460,  3.6704
 10.6680, 10.5593
 11.5790, 11.5584
  2.8210,  2.7867
  4.8920,  4.9667
  2.4720,  2.4661
  0.9030,  0.9413
 12.0010, 11.6600
  4.1380,  4.0805
  1.3000,  1.3261
  1.3270,  1.4413
  6.3090,  6.1308
  0.7120,  0.7546
  1.8080,  1.6748
  3.4160,  3.5607
  1.7590,  1.8114
  0.4770,  0.5487
  3.0660,  3.0944
  1.0010,  1.0030
  0.8210,  0.7773
  1.3900,  1.4114
  1.0790,  1.1358
  7.5080,  7.2351
  1.4870,  1.4488
  6.7070,  6.5945
  2.5570,  2.6402
  2.6230,  2.6667
  3.6930,  3.6069
  0.7390,  0.7610
  5.1530,  5.4242
  6.3600,  6.2129
  1.7380,  1.8842
  1.5080,  1.4896
  1.4020,  1.4052
  1.8090,  1.8837
  2.8830,  2.8132
  1.6050,  1.6232
  1.9940,  2.0832
  0.9170,  0.9001
  3.2300,  3.1293
 10.3200, 10.1477
  4.1750,  4.3243
  3.7580,  3.7551
  0.6190,  0.6841
  7.1170,  7.1796
  0.7170,  0.7668
 13.2640, 14.2320
  0.9050,  0.9368
  5.1950,  4.7461
  0.7080,  0.7110
  1.1740,  1.1357
  6.7910,  7.3911
  1.7360,  1.7977
 14.1140, 14.3836
  2.7380,  2.7778
  1.6970,  1.7427
  1.2020,  1.2289
  2.5380,  2.5169
  2.7760,  2.6976
  1.4970,  1.5126
  2.1020,  2.1271
  1.0430,  1.1215
  0.8200,  0.8093
  1.2850,  1.1747
  1.6300,  1.6270
  4.3230,  4.3751
 16.3900, 16.8549
  1.0500,  1.0259
  6.5440,  6.3372
  2.0800,  2.1637
  0.4740,  0.4983
 13.0340, 13.2208
  1.4670,  1.4635
  0.6990,  0.6944
  0.9840,  0.9976
  0.7340,  0.8278
  1.6590,  1.6883
  2.6710,  2.8016
  0.9270,  0.9303
  1.7140,  1.6090
  2.9290,  2.8080
  2.8700,  2.7560
  0.4560,  0.5131
  0.3920,  0.4562
  1.2410,  1.2317
  1.2960,  1.2218
  1.0190,  1.0213
  1.0380,  1.0439
  2.4410,  2.4771
  1.8110,  1.8024
  2.4460,  2.4823
  2.9380,  2.8883
  0.9500,  0.8939
  1.1860,  1.2004
  5.6400,  5.8525
  1.2660,  1.3170
  1.6780,  1.7306
  0.5580,  0.5929
  0.6030,  0.6364
  4.8380,  4.8552
  0.3670,  0.4700
  1.9750,  1.9729
  1.9350,  1.8508
  2.4510,  2.4228
  4.5490,  4.3038
  0.5340,  0.6004
  4.4560,  4.5364
  1.2500,  1.3283
  1.6240,  1.6358
  0.8240,  0.8836
  0.6610,  0.6982
  1.4170,  1.4256
  2.1800,  2.0928
  0.6080,  0.6300
  0.4570,  0.4864
  2.8680,  2.8237
  1.0880,  1.0722
  2.2200,  2.2051
  7.2360,  7.2224
  2.2260,  2.1220
  0.9320,  0.9783
  2.0400,  1.9346
  1.8950,  1.9356
  3.4030,  3.3705
  2.2890,  2.3956
  5.9990,  6.1633
  2.5050,  2.5338
  1.3630,  1.2930
  4.3480,  4.4630
  0.7010,  0.7262
  3.3210,  3.2907
  3.2610,  3.2215
  5.5140,  5.5626
  1.8540,  1.5211
  1.3280,  1.3594
  1.4950,  1.5009
  0.6150,  0.6628
  2.3130,  2.2392
  0.9670,  0.9785
  2.9800,  3.0899
  3.9720,  4.0532
  2.1870,  2.1701
  2.8530,  3.0880
  2.4670,  2.5793
  1.2470,  1.2224
  1.1760,  1.2151
  7.8300,  7.8888
  0.9970,  0.9838
  1.2410,  1.2106
  2.0510,  2.0259
  0.9990,  1.0535
  1.5670,  1.4134
  1.0640,  1.0934
  0.3680,  0.4535
  3.4310,  3.3353
  4.3180,  4.4258
  1.5850,  1.5921
  2.2730,  2.3303
  2.3900,  2.3972
  1.8760,  1.8726
  3.9950,  3.9825
  2.8280,  2.9505
  0.8540,  0.8673
  4.2940,  4.5237
  3.4620,  3.2253
  0.8900,  0.9325
  1.8080,  1.7719
  7.6810,  7.6778
  1.9340,  1.9384
  1.4170,  1.4335
  4.2230,  4.2738
  1.1560,  1.0867
  0.6760,  0.7393
  1.2670,  1.1896
  0.7240,  0.7404
  0.7220,  0.7120
  2.5510,  2.5110
  2.8110,  2.7950
  1.4770,  1.5221
  1.6010,  1.5922
  0.7430,  0.7543
  0.5030,  0.5345
  1.4060,  1.3168
  4.5200,  4.7927
  6.3130,  6.4375
  2.9830,  2.8464
  3.3580,  3.2703
  4.5770,  4.5261
  0.9480,  0.9863
  1.1470,  1.1453
  1.5500,  1.5559
  1.5710,  1.5616
  2.5370,  2.5393
  1.2700,  1.2245
  4.9250,  4.9193
  3.4730,  3.2585
  4.0990,  4.0712
  2.6980,  2.8277
  4.6530,  4.8034
 14.1090, 14.2450
  0.5300,  0.5717
  1.6500,  1.6490
  1.5640,  1.5904
  1.0820,  1.0832
  0.9210,  0.9361
  1.3550,  1.3823
  1.4030,  1.3732
  6.5010,  6.9586
  1.8800,  1.9981
  1.1550,  1.1635
  1.3430,  1.4414
  3.9630,  4.0614
  1.7050,  1.7434
  0.8770,  0.9699
  0.4190,  0.4808
  4.4970,  4.7112
  2.6330,  2.5640
  0.8380,  0.9091
  2.4270,  2.4198
  2.3590,  2.2827
  4.2630,  4.2678
  1.2970,  1.3126
  4.6690,  4.6473
  5.6020,  5.2699
  1.4440,  1.5055
  4.4080,  4.5286
  1.2120,  1.2456
  2.3770,  2.4559
  1.0630,  1.0907
  1.0970,  1.1112
  7.0130,  7.1573
  2.0020,  1.9997
  1.4400,  1.5094
  1.1430,  1.2337
  1.4420,  1.4386
  3.1170,  3.2299
  0.5900,  0.6391
  1.2340,  1.2630
  0.7660,  0.8031
  2.5930,  2.5852
  1.7690,  1.8191
  2.8930,  2.9436
  0.5650,  0.6246
  8.4350,  8.5712
  5.7750,  5.9100
  4.9310,  4.9914
  0.7050,  0.7086
  7.7740,  7.3671
  1.7200,  1.7570
  0.4980,  0.5674
  6.3640,  6.3548
  1.3930,  1.4334
  1.1800,  1.2579
  1.2890,  1.2756
  1.5670,  1.5864
  1.7990,  1.6236
  0.8290,  0.8549
  1.2690,  1.2554
  1.7110,  1.6896
  0.8960,  0.8822
  0.7440,  0.7806
  1.1000,  1.0856
  7.4250,  7.3059
  4.9900,  5.0401
  1.0890,  1.0542
  1.0020,  0.9978
  0.8090,  0.8525
  1.8120,  1.8785
  2.7720,  2.9996
  3.1770,  3.1696
  0.8660,  0.8674
  2.7920,  2.8204
  6.8960,  6.9935
  0.7530,  0.7753
 16.1990, 16.4497
  0.8350,  0.8203
  1.5990,  1.5648
  2.5220,  2.5161
  3.5390,  3.4384
  0.9440,  0.9712
  1.1350,  1.1174
  0.7980,  0.8142
  3.1650,  3.2167
  1.2580,  1.2688
  1.5670,  1.5458
  1.9380,  1.9835
  1.3150,  1.3154
  2.1360,  2.0603
  0.5440,  0.5568
  1.2540,  1.3139
  1.4970,  1.4997
  1.0820,  1.1670
  0.9260,  0.9877
  9.2000,  9.3758
  0.6700,  0.6285
  1.6980,  1.7425
  1.5750,  1.5726
  7.5610,  6.7053
  1.2510,  1.2004
  1.1870,  1.2041
  2.9740,  2.9844
 14.7870, 14.8535
  1.8420,  1.9959
  1.3730,  1.3702
  0.6770,  0.6831
  2.4880,  2.5646
  4.2750,  4.3475
  0.8180,  0.8085
  0.6260,  0.6953
  2.8980,  2.9568
  1.0490,  1.0251
  2.1180,  1.9056
  2.8210,  2.9639
  1.5270,  1.5242
 12.5500, 13.0779
  1.6860,  1.6747
  3.9990,  4.2701
  2.1770,  2.1541
  1.8710,  2.0839
  1.0820,  1.0987
  4.6480,  4.6083
  5.2080,  5.2244
  0.9750,  0.9882
  0.7480,  0.7610
  1.6840,  1.6684
  1.8250,  1.7953
  0.7150,  0.8196
  2.5780,  2.4365
  2.2650,  2.2663
  2.9940,  3.0734
  2.8990,  2.8482
  0.4880,  0.5938
  1.5010,  1.4596
  1.0780,  1.0583
  2.8490,  2.8324
  1.3280,  1.4223
  1.4940,  1.5101
  0.6510,  0.6372
  2.0040,  2.0016
  0.8110,  0.8286
  0.8760,  0.9081
  2.6320,  2.6760
  0.6230,  0.6235
  2.2340,  2.1795
  1.2900,  1.3183
  2.1530,  2.2037
  1.1900,  1.1413
  0.7630,  0.8088
  6.0370,  6.4678
  1.1970,  1.2219
  1.5640,  1.6026
  3.1830,  3.1420
  2.3630,  2.3317
  4.4240,  4.2434
  1.2770,  1.2136
  2.1430,  2.1386
  0.8180,  0.8206
  0.8470,  0.8710
  2.7940,  2.8345
  3.0040,  2.9700
  1.4210,  1.8657
 16.1610, 15.8350
  4.0700,  4.0719
  5.3160,  5.1745
  1.7150,  1.6631
  2.3220,  2.3025
  5.8920,  6.0868
  6.6250,  6.6378
  2.0220,  2.1014
  1.9240,  1.8713
 13.0960, 12.7888
  2.2410,  2.1230
  2.0920,  2.1532
  2.5790,  1.4255
  5.6410,  5.6093
  0.7190,  0.7709
  1.7460,  1.7844
  6.8060,  6.6417
  0.5990,  0.6390
  1.9930,  2.0140
  0.6560,  0.6566
  0.9130,  0.9906
  2.3240,  2.3656
  0.8640,  0.8591
 14.3880, 15.9847
  1.0830,  1.0642
  2.9400,  3.0259
  0.9600,  0.9376
  0.8720,  0.8745
  3.3690,  3.2961
  1.1210,  1.1545
  1.6420,  1.5335
  2.7500,  2.7797
  3.6220,  3.9492
  5.6960,  5.7012
  5.2240,  5.4388
  0.4450,  0.4995
  1.2140,  1.1865
  3.1130,  3.0770
  5.9060,  5.7578
 19.0680, 19.5082
  0.7740,  0.7915
  2.3500,  2.4044
  3.2530,  3.2688
  1.7630,  1.7177
  0.6890,  0.7003
 14.8040, 14.1494
  5.3540,  5.7917
  1.5560,  1.5332
  5.3840,  5.3823
 17.9830, 17.4813
  1.7840,  1.7447
  2.4710,  2.5557
  0.7790,  0.7836
  3.4630,  3.5599
  3.5430,  3.6118
  0.8240,  0.8707
  0.4960,  0.5609
  3.6680,  3.6094
  2.3550,  2.3996
  0.4570,  0.5153
  1.6510,  1.7079
  6.9080,  6.9695
  1.3080,  1.4045
  0.7320,  0.7833
  1.6920,  1.7371
  1.2170,  1.1774
  1.4740,  1.4567
  2.9100,  2.8676
  3.6320,  3.7017
  0.6040,  0.6535
  3.2960,  3.3507
  2.8800,  3.0454
  1.9580,  1.9235
  9.2340,  9.2875
  1.2350,  1.3009
  2.2450,  2.2860
  0.7890,  0.8249
  0.8410,  0.9435
  1.5760,  1.5754
  1.4740,  1.5116
  9.3590,  9.8931
  2.3010,  2.4728
  1.1930,  1.0884
  1.7150,  1.6311
  0.4150,  0.4733
  1.9010,  1.9526
  2.9100,  2.9610
  5.9660,  5.8346
  2.3610,  2.5249
  1.3210,  1.2990
  5.8480,  5.7262
  1.8110,  1.8418
  1.2480,  1.2912
  2.7310,  2.7517
  7.2550,  6.7368
  1.2920,  1.2437
  7.5700,  7.1252
  1.3440,  1.3985
  3.4000,  3.8459
  3.9510,  3.9079
  1.7380,  1.7362
  9.9020,  9.5352
  1.5320,  1.4846
  3.8510,  3.8971
  1.8740,  1.9206
  3.5090,  3.3761
  1.4990,  1.4249
  1.1460,  1.0925
  2.2460,  2.1897
  1.8860,  1.8351
  0.9020,  0.9482
  6.4820,  6.4292
  3.2700,  3.2225
  1.0220,  1.0292
  1.2870,  1.2849
  0.9840,  0.9478
  1.1490,  1.2003
 17.0160, 17.5970
  2.7380,  2.8367
 16.2040, 15.5895
  0.5000,  0.5262
  2.0310,  2.0394
  1.0050,  1.0127
  0.5870,  0.6240
  6.5830,  6.4685
  2.0170,  1.9940
  9.3960,  9.3093
  2.5080,  2.5669
 10.5130, 10.6228
  1.2760,  1.2478
  2.6160,  2.6125
  1.8690,  1.8286
  0.5750,  0.6408
  0.8070,  0.7278
  7.3980,  7.6104
  2.1230,  2.1557
  2.5680,  2.6163
 12.5810, 12.3850
  1.5730,  1.6080
  1.1530,  1.1993
  2.0510,  2.0527
  1.9350,  1.9787
  1.0250,  1.0361
  3.5970,  3.5827
  1.0450,  1.1316
  2.3780,  2.3980
  0.4010,  0.4964
  1.0790,  1.0773
  1.9070,  2.0711
  1.6900,  1.6153
  3.7770,  3.4645
  1.7550,  1.8022
  0.5070,  0.5799
  0.8200,  0.8570
 15.0090, 14.9763
  0.8140,  0.8291
  0.6280,  0.6463
  1.1660,  1.1622
  2.9950,  2.8249
  2.0110,  2.0413
  0.8100,  0.8467
  3.1450,  3.2008
  0.8270,  0.8489
 14.1840, 14.4354
 13.6340, 15.9455
  1.2570,  1.2129
  1.5030,  1.4559
  3.0100,  2.9498
  4.3350,  4.4272
  1.5110,  1.4670
 14.8370, 15.0070
  0.7620,  0.8022
  2.3450,  2.2347
  1.0270,  0.9916
  1.4320,  1.3768
  0.9730,  0.9900
  0.8650,  0.9478
  0.4770,  0.5108
  4.4090,  4.4877
  1.0420,  1.0892
  0.5330,  0.6041
  1.9080,  1.9653
  1.9540,  2.0526
  3.2110,  3.1719
  0.6540,  0.6784
  2.5600,  2.5892
  0.9620,  0.9850
  2.8910,  2.9286
  0.7700,  0.7869
  5.4900,  5.3389
  0.4120,  0.5096
  2.8260,  2.8422
  1.5820,  1.5914
  0.9750,  1.0046
 17.3610, 17.3908
  0.9910,  1.0078
  1.1880,  1.1474
  1.2080,  1.1947
  1.5230,  1.5655
  2.8250,  2.9285
  1.0560,  1.1373
  1.6090,  1.6075
  1.1990,  1.2088
  4.7000,  4.8363
  5.0880,  5.0836
  6.0300,  6.0462
  2.0400,  2.0549
  1.9140,  1.8845
  1.0350,  0.9581
 15.0270, 14.6512
  1.4910,  1.6095
  2.9760,  2.9203
  7.9930,  8.1720
  7.2890,  7.0398
  1.9800,  1.9906
  1.9700,  2.0252
  0.6110,  0.6940
  1.7560,  1.8108
  1.1220,  1.0544
  8.5680,  8.4810
 12.0990, 12.0625
  5.2080,  5.4485
  0.5110,  0.5679
 18.4960, 18.2628
 17.4990, 16.3816
  1.9690,  2.0582
  1.0380,  1.0946
  1.1220,  1.1396
  1.3250,  1.3655
  2.3960,  2.2831
  3.4490,  3.4106
  0.8530,  0.9186
  0.5520,  0.5200
  1.4580,  1.4540
  2.8320,  2.8572
  8.7610,  8.9350
  0.5610,  0.6314
  7.7260,  7.6741
  0.9370,  0.9357
  1.1440,  1.1619
  3.5970,  3.6996
 14.9160, 14.6531
  2.1650,  2.1944
  0.6530,  0.6163
  3.6050,  3.3819
  2.7860,  2.8071
  1.4830,  1.5579
  4.0230,  4.0054
  0.6610,  0.5507
  1.2490,  1.1952
  3.9010,  3.9443
  1.9830,  1.8511
  2.2860,  2.2544
  4.8380,  4.9599
  0.8560,  0.8513
  1.9510,  1.9117
  3.7540,  3.7350
  3.5780,  3.3970
  4.7740,  4.6753
  2.0330,  2.1708
  2.1730,  2.1826
  3.8560,  4.1735
  7.9720,  7.7226
  3.3410,  3.2434
  4.6290,  4.8078
  1.3070,  1.3182
  1.7540,  1.7690
  2.7060,  2.4653
  2.1050,  2.0727
  1.4220,  1.4529
  2.5720,  2.4903
  3.1260,  2.9859
  2.6850,  2.6563
  2.0420,  2.1305
  1.7170,  1.6727
 12.0710, 12.1460
  0.6690,  0.7022
  1.3650,  1.3726
  2.0690,  1.9680
  1.6820,  1.6931
  4.7200,  4.6115
  7.0710,  7.2355
  2.5660,  2.5954
  1.0160,  0.9516
  1.2570,  1.3321
  2.6630,  2.7738
  0.6320,  0.6328
  0.6020,  0.6628
  2.0750,  2.1650
  0.9850,  0.9832
  0.8290,  0.7630
  2.9680,  2.9081
  2.9550,  2.9914
  1.6040,  1.6242
  8.4590,  8.4244
  1.7190,  1.8836
  0.8780,  0.9097
  7.5980,  7.5718
  2.4270,  2.5066
  5.0740,  5.1643
  0.7710,  0.8146
  2.0080,  1.9020
  8.1910,  7.8667
 14.1230, 15.4383
  0.7010,  0.6874
  2.4600,  2.4243
  1.1890,  1.1423
  1.3330,  1.4295
  0.9780,  0.9617
  7.6070,  7.3665
  3.9840,  4.2579
  5.4060,  5.6120
  6.2410,  6.3874
  2.0370,  2.0172
  1.2730,  1.2965
  3.4390,  3.5216
  4.2470,  4.7574
  1.2370,  1.2618
  8.4030,  8.3929
 11.0890, 11.3008
  1.2670,  1.2775
  0.6210,  0.6808
  1.5330,  1.5026
  1.7880,  1.8166
  0.8720,  0.8834
  6.0840,  6.1936
  6.0590,  5.7654
  8.1410,  8.5385
  3.4820,  3.5475
  4.8950,  4.9493
  0.4880,  0.5088
  0.9510,  0.9829
  5.4980,  5.7483
  5.1790,  5.2726
  0.6790,  0.6776
  4.6230,  4.3124
  1.1250,  1.1681
  0.6550,  0.6726
  1.5610,  1.6002
  2.4800,  2.4265
  5.7000,  5.3843
 10.8170, 10.5685
  8.2740,  8.1076
  2.9550,  3.0694
  0.5470,  0.5984
  1.3430,  1.3442
  1.8720,  1.9696
  1.3250,  1.3227
  8.0410,  8.3998
  0.6190,  0.6488
  3.0040,  3.0299
  1.9630,  1.9252
  1.3850,  1.3656
  7.3950,  7.5299
 15.6180, 16.0847
  1.6520,  1.6191
  4.5990,  4.5502
  1.3650,  1.3727
  0.5600,  0.5771
  1.2380,  1.2228
  0.8280,  0.8504
  3.3120,  3.3079
  0.5340,  0.5818
  2.9220,  2.9295
  3.7880,  3.8598
 12.5600, 11.4810
 12.4610, 12.6707
 12.4370, 12.4794
  2.4800,  2.5434
  0.5540,  0.5386
  4.2510,  4.3086
  2.9090,  2.8655
  2.1620,  2.2725
  5.7060,  5.9607
  0.5010,  0.5380
  5.0560,  4.8876
  1.7270,  1.7205
  1.2340,  1.2259
  1.7550,  1.8181
  0.9740,  1.0000
  1.3910,  1.3532
  0.6000,  0.6765
  1.9120,  1.9716
  2.7620,  2.7123
 10.2460, 10.2359
  1.3320,  1.3083
  0.9630,  0.9766
  0.8470,  0.8590
  2.2700,  2.2734
  4.7950,  4.6469
  1.4130,  1.4097
  0.7630,  0.7776
  0.9010,  0.9052
  3.4810,  3.5104
  7.4600,  7.2016
  0.7320,  0.7060
  0.9170,  0.8888
  2.8600,  2.7917
  1.3030,  1.2699
  2.9380,  2.9459
  1.0070,  0.9764
  1.7310,  1.7087
  4.0030,  3.8891
  0.6700,  0.6941
  2.0380,  2.0392
  1.4040,  1.3927
  2.8570,  2.9566
  0.7260,  0.7929
  0.7740,  0.7758
  1.3650,  1.4716
  1.0880,  1.0795
  1.6770,  1.6663
  2.3090,  2.3044
  3.5700,  3.5970
  1.8160,  1.7576
  1.8930,  1.9446
  1.6630,  1.6885
  3.4550,  3.3715
  9.2120,  9.3205
  5.4380,  5.4392
  0.7170,  0.7981
  3.5160,  3.6805
  4.3100,  4.1916
  4.5030,  4.5787
  1.2700,  1.3618
  2.0740,  2.1246
  0.6850,  0.6976
  0.4440,  0.4885
  1.4090,  1.4349
  3.6580,  3.6020
  3.9470,  3.9971
  2.5130,  2.4882
  0.9990,  0.9809
  4.4680,  4.4809
  1.3220,  1.3712
  8.1020,  7.9782
  5.6290,  5.5764
  1.9740,  2.0560
  1.6070,  1.5783
  0.4050,  0.4988
  1.6090,  1.5895
  1.7600,  1.6930
  5.8910,  5.9992
  1.3950,  1.4377
  0.7850,  0.7939
  2.3320,  2.2303
  1.8600,  1.8955
  2.2160,  2.2625
  2.0400,  2.1006
  0.8340,  0.7794
  0.8420,  0.8630
  1.1390,  1.2111
  0.6730,  0.7389
  0.9210,  0.9240
  2.5540,  2.6460
  0.9660,  0.9643
  4.0700,  3.8996
  2.1600,  1.9904
 14.0280, 13.6116
  1.3440,  1.4420
  4.6840,  4.8393
  3.5000,  3.6189
  1.4020,  1.4855
  1.9330,  1.9340
 11.1450, 11.0644
  2.4210,  2.5668
  0.6020,  0.6805
  3.3870,  3.4196
  0.5920,  0.6094
  4.5650,  4.5450
  0.5310,  0.5551
  0.7860,  0.8127
  3.2860,  3.3931
  1.8260,  1.8554
  0.4450,  0.5755
  5.7060,  5.7669
  3.8660,  3.8880
  2.7830,  2.8728
  0.8050,  0.8021
  8.1480,  7.9552
  0.8840,  0.9184
  7.3710,  7.1375
  0.8200,  0.8842
  1.6650,  1.6279
  0.6490,  0.6722
  2.2560,  2.2743
  0.8390,  0.8397
  2.5130,  2.5378
  0.8530,  0.8796
  1.1420,  1.1825
  1.4610,  1.4597
 17.0680, 17.7436
 16.0300, 15.8787
  5.1680,  5.3292
  0.5250,  0.5315
  0.4620,  0.5180
  3.5910,  3.7031
  1.0010,  1.0262
  4.4200,  4.3448
  2.8940,  3.0182
  1.2740,  1.3591
  8.0780,  7.8632
  0.8510,  0.8413
  0.7410,  0.7635
  2.6650,  2.5172
  1.3020,  1.3427
  2.6740,  2.7008
  1.2770,  1.2736
  4.2250,  4.1873
  4.1930,  4.1469
  1.7590,  1.7546
  5.0400,  5.1764
  7.3430,  7.1164
  0.8030,  0.7088
  0.6710,  0.7238
  1.7000,  1.7831
  0.9090,  0.9362
  6.4340,  6.6071
  0.4360,  0.4973
  1.0290,  1.1061
  0.9680,  0.9610
  1.7080,  1.7134
  0.6890,  0.7268
  2.3800,  2.4057
  0.6190,  0.6975
  1.4370,  1.3741
  0.7730,  0.7562
  6.0110,  5.8844
  3.1900,  3.2348
  1.6900,  1.7341
  1.1640,  1.1540
  0.4940,  0.5048
  1.4800,  1.4317
 10.0910,  9.8800
 11.7610, 13.2095
  3.3490,  3.4531
  5.4660,  5.2225
  5.8550,  5.8494
  2.7760,  2.7353
  4.7700,  4.9546
  2.7930,  2.7758
  8.6190,  9.0798
  0.6130,  0.6206
  1.0290,  1.0753
  4.0120,  4.0738
  4.6210,  4.8729
  4.7040,  4.6382
  2.5320,  2.6581
  1.6970,  1.6565
  1.3330,  1.3874
  1.1250,  1.1003
  1.2010,  1.2684
  8.0570,  8.1639
  1.6360,  1.5215
  1.5280,  1.5662
  0.4000,  0.4631
  2.5500,  2.6264
  7.9630,  7.8789
  1.9600,  1.9308
  2.0220,  2.1086
  2.6080,  2.5481
  1.0760,  1.0935
  7.4140,  7.2047
  0.6090,  0.5971
  1.5570,  1.5707
  1.6970,  1.7140
  2.2370,  2.3237
  2.2060,  2.1318
  1.5970,  1.5111
  0.7970,  0.8154
  1.9820,  1.9383
  1.2140,  1.2737
  5.8330,  5.8745
  4.3580,  4.1674
  1.6160,  1.6285
  1.0250,  1.0110
  0.9380,  0.9276
  0.7480,  0.7743
  1.6480,  1.7935
  5.8110,  5.5987
  6.1590,  6.1283
  1.5160,  1.1567
  0.8750,  0.9274
  8.4570,  8.1307
  1.8920,  1.8990
  2.1290,  2.2188
  7.7980,  8.3706
  2.0000,  1.9685
  2.2100,  2.2242
  2.2210,  2.2131
  1.3390,  1.3375
  0.8370,  0.7881
  1.2630,  1.1500
  0.6840,  0.7294
  1.6170,  1.5898
  6.0250,  6.1297
  3.9810,  4.0217
  0.6630,  0.6908
  0.6520,  0.6797
  0.5070,  0.5537
  0.7230,  0.7667
  2.3920,  2.4073
  1.2400,  1.3231
  0.6550,  0.7171
  0.9730,  0.9268
  3.2240,  3.3819
  6.1910,  6.1275
  3.5380,  3.4608
  0.6370,  0.7050
  5.2700,  4.8000
  1.2250,  1.2213
  0.6330,  0.7126
  8.7700,  9.0805
  3.8410,  3.6848
  5.6630,  5.7375
  2.4300,  2.5159
  4.5940,  4.5822
  9.7710, 10.0501
  1.4950,  1.3954
  1.0450,  1.0893
  0.9750,  0.9348
  1.0670,  1.0809
 13.7080, 12.7105
  7.9210,  7.7065
  5.6790,  5.7256
  1.5190,  1.5423
  0.4340,  0.5225
  1.9830,  1.9364
  3.3840,  3.3194
  9.2590,  9.2711
  1.0540,  1.0832
  1.3950,  1.4703
  1.5300,  1.5216
  0.5910,  0.6097
 11.6030, 11.8649
 12.9300, 12.5793
  1.7820,  1.7811
  1.1540,  1.1848
  2.0010,  2.0285
  1.6020,  1.6226
  2.6310,  2.5952
 19.2290, 17.6765
  0.6140,  0.6239
  1.3890,  1.3687
  4.5130,  4.6919
  1.3810,  1.4574
  1.1550,  1.1411
  1.8700,  1.8756
  0.6830,  0.6661
  3.1760,  3.1718
  3.5910,  3.7133
  0.6360,  0.6596
  2.5740,  2.4925
  5.8220,  5.7261
  0.5950,  0.5973
  1.7510,  1.8355
  0.9030,  0.9151
  3.0410,  2.9074
  1.2370,  1.2247
  3.0900,  3.1773
  3.9510,  4.1040
  1.6260,  1.6229
  2.6210,  2.6078
  3.5500,  3.5895
  2.2860,  2.2420
  1.3360,  1.3678
  3.6500,  3.7351
  4.7480,  4.8721
  6.6940,  6.6321
  2.8020,  3.1169
  4.9630,  4.9194
  0.8540,  0.8648
  6.3530,  6.3743
  1.8480,  1.9365
 14.8430, 13.3087
  0.8320,  0.8383
  2.3100,  2.3537
  2.0670,  2.2001
  0.4750,  0.5532
  2.0200,  2.1115
  3.5740,  3.4079
  0.5530,  0.5911
  0.9880,  1.0071
  0.8710,  0.8556
  0.7560,  0.7660
  1.1570,  1.1235
  1.4110,  1.5581
  3.0950,  3.0633
  2.3090,  2.3049
  1.1730,  1.1807
  0.6200,  0.6536
  4.0760,  4.1623
  2.7770,  2.8291
  0.6640,  0.6920
  1.5930,  1.5858
  2.5240,  2.3484
  3.0670,  2.9991
  1.3470,  1.3595
  0.7620,  0.7959
  2.7130,  2.7552
  1.2940,  1.3098
  1.4320,  1.3948
  2.7400,  2.7776
  1.3690,  1.4352
  0.8750,  0.8999
 14.9910, 14.8812
  1.2270,  1.1516
  1.4340,  1.4448
  1.7270,  1.6559
  2.0720,  2.0510
  0.9200,  0.8882
  2.0920,  2.0485
  0.9960,  1.0491
  2.0970,  2.1297
  3.1110,  3.2344
  1.2860,  1.2806
  1.7360,  1.8140
  2.7870,  2.9409
  2.1500,  2.1400
  1.2240,  1.2358
  2.5800,  2.6797
  0.4630,  0.5368
  1.1260,  1.1219
  5.6470,  5.5809
  2.3830,  2.3765
  2.0260,  2.2915
  2.2210,  2.2829
  8.6960,  8.8476
  3.6770,  3.6320
  0.7050,  0.7495
  1.7000,  1.6961
 13.6980, 12.9732
  2.0410,  2.0658
  5.6700,  5.8724
 10.4650, 10.5546
  0.7510,  0.8442
  1.0190,  1.0149
  1.6420,  1.6097
 12.5750, 12.2678
  4.7050,  4.9794
  1.0550,  1.0792
  0.6420,  0.6026
  3.8770,  3.8438
  4.4890,  4.5873
  1.9070,  1.8719
  1.4200,  1.5013
  1.5460,  1.5885
  2.1100,  2.1707
  0.6560,  0.6977
  1.0830,  1.0678
  1.3640,  1.3463
  1.9310,  1.8752
  1.8430,  1.8302
  0.4880,  0.5238
  2.2130,  2.1980
  1.7530,  1.7802
  0.9410,  0.9917
  1.2160,  1.2860
  2.0460,  2.0993
  1.6910,  1.6530
  0.7710,  0.8417
  1.4390,  1.3754
  0.6250,  0.6017
  1.1450,  1.1939
  1.2080,  1.1779
  0.4260,  0.5125
  0.9390,  0.9952
 12.1470, 12.0282
  0.6280,  0.6700
  2.6180,  2.6413
  0.4350,  0.4713
 13.1390, 13.0383
  1.4120,  1.4383
  3.5990,  3.6175
  3.0570,  3.0360
  4.6010,  4.5851
  0.8990,  0.9185
  4.3580,  4.4618
  0.7090,  0.7229
  0.5430,  0.5726
  2.8570,  2.9200
  1.0290,  1.0717
  1.0670,  0.9734
  6.0700,  6.0945
  0.8520,  0.8809
  1.3390,  1.3101
  0.6670,  0.6919
  0.9760,  1.0193
  1.9030,  1.8287
  0.5900,  0.5888
 11.3750, 11.8435
  1.7210,  1.7745
  2.4460,  2.4171
 17.7540, 16.3593
  1.8210,  1.8583
  0.5340,  0.5389
  1.2680,  1.3094
  2.1190,  2.1066
  0.8410,  0.8472
  1.9990,  1.9458
 12.5000, 12.7828
  0.9100,  0.9466
  0.6920,  0.6925
  0.7040,  0.7350
  0.9730,  0.8730
  0.6180,  0.6724
  0.6740,  0.7218
  2.1660,  2.0465
  0.4640,  0.4942
  3.0810,  3.0846
  2.8580,  2.6649
  1.9340,  2.0288
  2.5070,  2.5441
  6.7870,  6.5070
  2.9680,  2.9556
  0.9770,  1.0269
  3.3620,  3.0491
  9.9130,  9.9487
  1.9590,  1.9023
  4.2780,  4.4847
 16.2940, 16.4946
  4.2130,  4.1690
  1.3800,  1.3526
  0.6230,  0.6268
  1.2210,  1.3529
  1.5780,  1.6745
  0.4670,  0.5273
  2.6550,  2.6181
  1.0370,  1.0944
  1.5210,  1.5835
  0.6350,  0.7092
  2.7150,  2.7246
  1.3640,  1.3809
  1.1960,  1.2599
 14.8740, 16.2976
  1.5870,  1.6302
  3.6730,  3.6558
  0.8120,  0.7902
  1.8770,  1.9230
  2.3810,  2.4339
  0.8510,  0.8644
  1.1320,  1.1787
  2.1870,  2.0719
  0.4600,  0.5579
  1.7840,  1.6962
  0.7900,  0.8463
  0.9160,  0.9692
  8.9730,  9.1927
  1.2720,  1.2963
  1.9310,  1.8971
  1.8620,  1.9947
  2.3020,  2.2896
  0.4680,  0.5096
  1.9800,  1.8754
  7.3560,  7.3586
  6.6950,  6.8895
 15.1420, 14.4990
  0.9870,  1.0195
  1.4000,  1.4603
  7.0350,  6.9942
  4.1550,  4.2999
  2.4170,  2.3530
  2.5930,  2.7608
  1.9250,  1.9549
  0.7940,  0.7780
  6.0950,  5.8436
  1.6350,  1.6616
  1.4610,  1.4228
  5.7500,  5.6238
  0.8270,  0.8544
  0.9910,  0.9469
  1.0460,  1.1438
  1.0080,  1.0806
 16.9880, 18.1068
  1.1320,  1.1890
  0.8860,  0.8635
  4.8760,  4.9062
  0.6780,  0.6868
  4.5630,  4.2228
  1.9100,  1.9366
  8.8590,  8.8948
  1.4340,  1.4580
  2.2860,  2.2675
  5.2970,  5.3205
  2.6200,  2.5655
  1.0180,  1.0322
  1.1840,  1.2812
  1.4010,  1.3908
  3.7320,  3.7697
  2.6180,  2.6304
  0.5760,  0.5757
  4.3500,  4.6496
  2.5240,  2.4477
 10.6100, 10.0185
  5.2080,  5.0313
  1.1060,  1.0936
  1.7710,  1.8756
  2.4170,  2.9041
  0.8020,  0.7918
  0.7820,  0.7686
  1.6680,  1.7089
  1.4660,  1.3588
  0.9440,  0.9881
  1.2750,  1.2656
  0.5690,  0.5928
  2.8120,  2.7291
  0.7240,  0.7751
  2.5570,  2.6077
  2.5030,  2.4413
  1.6460,  1.6437
  5.7660,  5.7980
  1.0000,  1.0143
  1.2600,  1.2494
  1.5990,  1.5148
  5.3150,  5.4366
  2.3430,  2.2834
  0.7790,  0.8222
  2.2960,  2.0345
  1.1850,  1.1700
  1.3480,  1.3415
  2.5230,  2.5925
  1.1250,  1.1437
  1.2010,  1.2448
  1.9690,  2.0172
  1.0990,  1.0108
  1.0790,  1.0715
  3.2340,  3.2014
  0.7250,  0.7232
  3.5170,  3.6953
  0.5410,  0.5857
  1.3550,  1.3410
  3.9160,  4.0310
  1.0570,  0.9953
  1.6060,  1.6113
  0.5820,  0.6127
  0.9640,  1.0070
  2.1460,  2.0681
  1.7000,  1.6912
  1.5310,  1.4905
  2.0760,  2.0631
  1.1300,  1.1497
  1.3100,  1.3448
  1.5040,  1.4456
  4.4070,  4.3695
  0.9630,  0.9429
 12.2220, 12.1822
  1.2980,  1.2973
  0.4250,  0.4914
  1.7080,  1.7300
  4.7560,  4.8270
  3.2520,  3.2170
  1.4890,  1.4186
  0.6220,  0.6208
  1.1500,  1.1950
  2.5520,  2.6813
  3.0550,  2.8655
  0.8980,  1.0020
  2.0150,  1.9935
 10.1450, 10.0882
  3.2240,  3.1970
  8.6230,  8.2086
  1.2480,  1.2647
  1.1040,  1.0351
  1.8300,  1.8057
  0.7140,  0.7197
  1.4850,  1.4739
  3.5830,  3.5853
  0.5680,  0.5666
  1.5210,  1.4942
  3.3110,  3.1834
  3.8910,  3.9640
 14.2050, 14.7214
  0.6520,  0.6813
 11.1530, 10.7677
  0.9040,  0.9372
  1.7540,  1.8402
  0.8650,  0.8562
  0.9990,  0.9346
  2.2810,  2.1551
  1.8740,  1.9058
  1.7080,  1.8086
  2.2470,  2.2566
  7.3890,  7.0094
  6.7440,  6.8576
  3.1920,  3.1617
  1.0940,  1.0164
  2.0610,  2.0404
  2.4110,  2.2606
  2.0520,  2.0823
  4.1140,  4.1240
  1.2400,  1.2457
  2.8380,  2.8584
  5.3160,  5.3039
  3.2230,  3.3174
  2.2560,  2.2663
  2.7740,  2.8103
  2.3900,  2.3851
  0.9970,  1.0232
  1.7820,  1.8239
  3.3320,  3.3387
  2.0940,  2.1058
 13.1140, 13.1414
  1.5420,  1.6206
  1.0820,  1.1260
  7.2270,  7.1428
  1.4790,  1.5378
  1.0310,  0.9833
 17.8400, 17.8766
  2.6750,  2.6182
  0.7310,  0.7220
  6.2540,  6.2786
  3.5940,  3.5778
  2.3810,  2.5154
  1.6490,  1.6223
  0.8390,  0.8401
  5.8920,  5.7765
 19.8690, 19.9648
  8.5900,  8.4548
  4.4830,  4.5035
  1.2590,  1.2538
  2.7090,  2.7089
  6.7660,  6.9451
  1.2010,  1.2337
  0.9590,  0.9380
  3.5820,  3.6440
  2.4870,  2.5278
  1.9690,  1.9643
  0.5440,  0.5910
  1.1600,  1.2097
  3.2820,  3.5695
  0.9970,  0.9738
  1.3240,  1.3195
  1.5030,  1.4882
  2.0670,  2.0744
  0.9970,  1.0158
  1.1650,  1.0946
  0.6450,  0.6902
  1.6960,  1.6872
  1.2490,  1.2265
  0.5780,  0.6189
  1.8970,  1.9082
  1.2560,  1.3104
  1.9200,  2.0012
  2.2160,  2.2606
  1.1580,  1.0735
  1.0100,  1.0956
 17.7190, 17.7055
  5.7360,  5.7477
  1.2110,  1.2490
  0.4310,  0.4736
  1.3500,  1.4006
  1.0190,  1.0629
  1.0100,  1.0296
  8.8590,  8.8313
  1.2650,  1.3294
  0.5790,  0.6396
  1.3190,  1.4061
  1.4460,  1.4380
  0.7110,  0.7507
 15.8350, 15.0021
  1.0990,  1.0953
  0.7940,  0.8231
  0.8750,  0.8684
  0.5000,  0.5683
  1.5860,  1.6988
  4.5530,  4.5689
  1.3320,  1.3545
  0.5790,  0.6295
  2.0280,  1.9580
  5.1630,  5.3397
  3.6350,  3.7662
  2.8560,  2.7163
  2.1240,  2.1010
  2.1690,  2.0542
  1.3160,  1.2579
  2.2130,  2.2808
  9.9780,  9.6117
  1.1690,  1.1380
  1.7290,  2.2519
  0.9070,  0.9313
  2.1960,  2.1899
  0.8110,  0.7674
  1.5040,  1.4448
  1.1810,  1.1866
  1.1200,  1.0826
  1.3360,  1.3500
  1.7580,  1.7786
  2.7660,  2.7564
  0.5840,  0.6229
  2.9240,  2.8643
  1.7520,  1.8641
  1.8530,  1.8093
  0.8930,  0.8918
  0.5630,  0.6107
  3.7870,  3.7986
  1.6740,  1.7652
  1.7090,  1.7269
  2.2830,  2.3108
  3.3260,  3.0790
  1.5380,  1.6000
  0.8560,  0.8753
  0.6510,  0.6949
  1.3790,  1.3256
  3.2750,  3.4021
 10.3310, 10.3772
  7.4610,  7.2760
  0.6780,  0.7170
  2.0030,  2.0181
  2.6570,  2.6629
  0.7940,  0.8135
  5.0100,  5.0275
  4.5250,  4.6744
  3.2460,  3.3081
  1.0160,  1.0074
  0.6490,  0.6905
  0.5840,  0.5568
  9.3320,  9.0684
  3.4690,  3.7809
  4.5520,  4.4841
  1.2580,  1.3209
  1.1740,  1.1294
  0.7330,  0.6573
  0.8450,  0.8577
  0.8140,  0.8525
  0.5540,  0.6285
  3.4380,  3.3676
  1.0900,  1.1328
  3.4800,  3.3930
  2.1380,  2.2058
 10.9210, 10.5298
  1.7780,  1.7294
  1.2140,  1.1640
  2.9380,  2.8598
 13.3090, 12.8317
  1.7600,  1.8443
  0.6600,  0.7030
  0.6330,  0.6540
  1.1240,  1.1516
  1.7150,  1.8340
  1.4500,  1.5833
  6.8670,  6.9757
 10.7300, 11.1833
  2.5010,  2.6286
  0.5990,  0.6482
  4.2990,  4.4359
  1.9420,  1.8738
  0.5290,  0.5581
  1.3030,  1.3180
  2.5200,  2.5193
  5.6040,  5.5205
  5.6970,  5.7052
  6.0920,  6.1623
 12.8170, 12.7983
  2.6410,  2.5718
  1.1250,  1.0905
  1.1870,  1.2513
 10.6280, 11.1639
  2.2250,  2.2438
  0.9320,  0.9643
  2.1050,  2.0669
  6.0020,  5.9963
  0.8190,  0.8345
  6.9670,  7.0492
  0.9760,  1.0123
  1.8500,  1.8228
  4.5270,  4.5786
  3.9560,  4.0870
  1.8910,  1.9584
  3.7340,  3.6827
  1.6290,  1.5608
  4.2280,  4.1700
  4.2390,  4.1593
 10.4430, 10.2961
  0.6040,  0.6324
  1.4280,  1.4108
  1.1870,  1.1808
  8.4920,  8.5072
  0.5680,  0.5887
  2.2880,  2.3314
  2.2750,  2.4447
  5.8350,  5.6626
  0.6410,  0.7135
  8.5510,  8.1929
  6.8770,  6.9624
  1.5220,  1.5184
  3.1990,  3.1888
 11.8560, 12.1041
  1.1860,  1.1354
  3.9550,  4.0752
  0.5270,  0.5786
  1.9800,  1.9532
  1.0690,  1.0773
  5.7510,  5.5342
  1.8700,  1.8011
  2.5400,  2.5243
  1.9770,  1.9988
  1.4900,  1.5030
  1.0680,  1.1275
  5.1210,  5.0833
  0.5100,  0.5806
  0.4570,  0.5085
 12.4120, 12.0466
  3.9280,  3.7665
  3.6660,  3.6442
  1.1580,  1.2024
  9.5490,  9.9579
  6.6060,  7.0628
  2.7750,  2.7251
  1.2660,  1.3470
  2.6230,  2.6845
  1.5680,  1.5580
  1.2820,  1.3114
  6.0140,  5.9693
  2.2750,  2.3379
  3.0380,  3.1005
  3.1830,  3.2788
  6.3540,  6.2666
  1.5270,  1.6076
  1.9310,  1.9796
  0.4800,  0.5260
  6.4560,  6.3359
  0.6030,  0.6497
  7.3140,  7.1545
  2.9130,  2.9107
  1.8630,  1.9680
  0.8410,  0.8588
  4.5860,  4.4951
  1.5540,  1.6232
  1.8080,  1.7757
  1.9280,  1.8892
 13.5320, 13.9901
  0.7210,  0.7567
 12.2610, 12.6863
  0.9230,  0.8944
  0.4330,  0.4660
  1.0580,  1.0952
  2.2900,  2.3128
  0.7920,  0.8440
  8.8690,  8.6812
  1.4140,  1.4835
  1.2580,  1.1853
  2.2650,  2.1999
  0.6700,  0.6873
  9.6330,  9.8329
  2.2290,  2.0819
  0.8380,  0.7108
  0.6460,  0.7067
  0.6740,  0.7518
  2.3890,  2.3911
  0.9400,  0.9487
  2.8610,  2.9850
  2.0560,  2.0786
  1.8030,  1.8678
 13.2230, 13.8762
  1.8380,  1.8549
  9.5080,  9.7701
  4.3630,  4.4207
  2.3160,  2.3352
  1.0600,  1.0301
  0.4860,  0.5341
  0.8230,  0.8278
  0.9250,  0.9062
  0.8400,  0.8236
  0.6380,  0.6445
  1.2800,  1.2424
  1.6580,  1.6383
  2.5140,  2.3564
  1.6710,  1.6965
  6.1340,  6.0541
  1.2000,  1.2471
  0.9910,  0.9460
  0.4460,  0.4851
  0.6110,  0.6288
  1.8780,  1.9751
 16.7850, 16.5919
  2.3250,  2.3750
  1.5560,  1.5392
  1.4340,  1.4373
  1.2020,  1.2350
  1.7800,  1.7240
  2.9940,  3.0065
  8.6880,  8.8128
  0.8590,  0.8803
  4.6620,  4.5687
  9.6930,  9.7044
  8.1830,  7.9909
  5.0930,  4.9795
  3.8830,  3.7053
  1.7920,  1.7901
  7.3410,  7.6452
  3.3960,  3.5221
  0.5760,  0.6361
  0.8360,  0.7310
  3.8970,  4.0660
  0.6130,  0.6767
  1.1920,  1.1721
  4.4290,  4.4546
  0.5480,  0.6117
  2.4410,  2.1169
  3.3350,  3.2338
  8.9490,  9.0662
  0.6950,  0.6904
  1.7590,  1.7559
  3.2800,  3.2896
  2.3790,  2.2929
  2.4230,  2.3309
  1.5480,  1.5505
  2.6590,  2.6916
  3.4100,  3.5019
  3.7910,  3.6863
  2.1930,  2.3078
  3.8770,  3.7832
 10.0080, 10.1883
  2.1840,  2.2654
 12.5910, 12.4921
 16.9120, 18.0698
  4.5270,  4.5438
  6.0390,  5.8499
  0.9120,  0.9528
  1.6860,  1.6888
  2.9750,  2.9745
  5.6320,  5.7173
  0.9890,  0.9961
  2.8890,  3.0457
  3.8620,  4.0291
  0.5020,  0.4813
  1.5510,  1.6585
  4.0000,  3.9266
  1.3330,  1.3054
  0.4480,  0.4712
  4.4460,  3.9394
  3.2300,  3.2472
  2.9730,  2.9304
  1.3190,  1.3296
  0.7810,  0.7969
  1.6590,  1.7378
  0.6340,  0.6713
  2.4630,  2.4049
  1.3080,  1.3297
  1.1650,  1.1116
  1.1260,  1.1621
  0.9960,  1.0727
  4.9720,  4.8204
  0.8370,  0.8583
  2.1440,  2.0950
  0.5710,  0.5835
  1.4590,  1.4805
  1.3650,  1.4038
  2.8700,  2.8549
  1.4700,  1.4560
  2.0610,  2.0869
  2.1040,  1.9781
  1.6800,  1.6304
  1.7160,  1.7710
  1.8720,  1.8924
  2.8050,  2.8197
 14.2230, 13.8452
  1.5520,  1.5523
  1.5130,  1.5090
  0.5450,  0.5976
  0.6190,  0.6545
  2.2640,  2.2323
  2.0730,  2.2001
  3.6240,  3.6408
  2.6060,  2.4700
  3.0570,  2.9408
  1.0850,  1.0850
  1.4430,  1.4817
  2.7620,  2.7554
  0.9450,  0.9495
  1.0970,  1.0972
  1.1150,  1.1191
  3.5770,  3.4775
  2.0920,  2.0421
  3.5780,  3.4656
  3.6360,  3.5942
  0.7150,  0.7310
  3.3780,  3.3302
  4.3870,  4.3552
  2.2070,  2.1521
  1.2120,  1.2082
  1.1000,  1.0888
  5.6600,  5.7092
  1.9000,  1.9388
  1.8080,  1.7407
  6.9550,  6.5259
  7.8590,  7.9508
  6.1320,  6.1348
  0.5240,  0.5779
  0.6560,  0.6382
  1.3800,  1.3987
  1.5940,  1.5828
  1.3950,  1.4755
  4.1040,  3.9610
  0.6160,  0.5477
  2.2820,  2.3989
  2.3360,  2.3316
  2.2080,  2.2092
  2.5170,  2.4674
  3.1830,  3.2008
  2.6810,  2.7459
  3.2450,  3.2455
  1.4080,  1.3447
  2.2580,  2.1860
  4.7080,  4.6851
  1.0600,  1.0302
  0.6960,  0.6324
  4.4050,  4.3277
  1.1790,  1.0594
  3.1090,  3.2331
  1.1820,  1.1953
  2.7360,  2.7924
  0.4210,  0.4764
  9.8580,  9.8799
  0.6880,  0.7151
  1.7340,  1.7309
  2.0760,  2.0656
  0.7220,  0.6913
  7.9300,  7.8189
  1.0430,  1.0695
  1.6160,  1.5870
  1.3880,  1.3929
  1.7630,  1.7810
  0.5300,  0.5897
  1.3510,  1.4183
  1.6250,  1.6306
  1.1250,  0.9625
  0.6490,  0.6847
  2.3940,  2.3752
  1.4500,  1.5361
  1.4090,  1.3976
  0.7100,  0.7411
  1.2830,  1.2517
  4.3350,  4.4116
  2.4630,  2.4309
  0.4530,  0.5643
  3.1150,  3.1940
  1.8650,  1.7681
  1.6230,  1.6453
  1.0070,  1.0517
  1.2070,  1.2032
  4.4160,  4.2174
  1.2850,  1.2821
  3.5820,  3.6278
  2.2800,  2.3319
  3.8110,  3.7448
  1.4670,  1.3739
  1.5250,  1.5740
  3.4270,  3.3569
  1.0320,  1.0478
 12.3610, 12.6753
  0.5060,  0.5750
  1.1800,  1.1595
  0.7930,  0.7747
  1.1340,  1.1960
  1.2780,  1.3306
  4.5250,  4.5443
  0.4840,  0.5364
  0.6850,  0.6971
  0.7470,  0.7409
 13.9270, 14.2134
  2.8040,  2.7880
  2.4950,  2.4864
  1.6490,  1.6387
  7.6460,  7.4658
  6.3080,  6.4945
  1.6950,  1.7279
  3.1980,  3.1726
  5.2000,  5.8241
 12.8960, 12.6736
  0.9630,  0.9151
  1.0280,  1.0426
  4.0990,  4.1224
  7.2570,  6.7526
  1.2320,  1.2675
  1.5430,  1.5209
  5.9200,  5.8872
  1.3470,  1.3133
  1.8940,  1.9768
  8.4480,  8.3402
  7.5820,  7.5389
  5.3570,  5.2853
  0.6010,  0.6507
  4.8780,  4.9060
 18.5940, 18.3552
  6.9010,  7.0561
  2.6310,  2.6950
  0.6850,  0.7171
  1.9030,  1.9780
  1.6470,  1.6466
  1.0600,  1.0718
 15.8480, 15.5089
  1.0050,  1.0175
  0.6870,  0.7193
  0.4680,  0.5130
  0.7300,  0.7433
  1.0400,  1.0676
  1.6180,  1.6109
  1.5290,  1.5697
  3.2120,  3.3376
  4.1390,  4.1897
  0.6280,  0.6576
  1.3240,  1.3648
  0.5050,  0.5482
  0.9580,  0.9921
  1.2270,  1.2528
  0.6310,  0.6433
  7.7880,  7.4205
  7.9990,  8.3529
  0.9140,  0.9320
  0.6120,  0.6311
  6.9940,  6.9844
  2.3070,  2.2879
  0.9970,  0.9976
  4.0720,  3.9530
  4.7260,  4.7125
  0.7000,  0.7377
  0.5460,  0.6017
  0.8400,  0.7848
  1.8700,  1.8880
  2.3130,  2.3470
  0.5980,  0.6322
  3.4770,  3.4727
 13.3370, 12.3435
  2.2370,  2.2552
  1.2240,  1.2929
  4.6390,  4.5850
  0.5350,  0.5482
  6.7040,  6.4939
